3864.1 11790.5 -226.8 74 0 5.9 20.7 7.5 2.5 2 1 3 5 5
3436.2 11760.2 -117.1 249 0 13.6 10.6 7.5 2.5 2 0 3 4 4
3911.0 11000.2 -314.9 268 0 11.3 20.3 12.5 2.5 2 1 5 1 1
6099.9 755.3 -415.3 65 0 28.3 18.3 12.5 2.5 2 0 5 5 5
6105.2 1669.7 -268.6 149 0 12.2 17.0 2.5 0.0 0 1 1 2 2
4795.2 2979.6 -434.7 80 0 42.2 21.1 10.5 0.0 0 0 3 0 0
5749.7 4313.3 0.4 60 0 20.8 14.3 12.5 2.5 2 0 5 1 1
5132.2 3224.9 -323.4 251 0 11.4 21.0 10.5 3.5 2 1 3 0 0
1533.3 11777.2 421.2 246 0 14.6 13.9 7.5 0.0 0 0 3 2 2
1520.4 11762.3 420.5 257 0 18.9 12.5 7.5 2.5 2 0 3 3 3
1491.2 11743.5 420.6 221 0 31.8 20.2 12.5 0.0 0 0 5 2 2
