1432.5 3826.1 -225.8 274 0 18.8 11.4 7.5 2.5 2 0 3 1 1
4021.1 718.3 -368.1 269 0 21.3 7.3 5.0 2.5 2 0 2 2 2
54.7 5991.3 -122.1 46 0 13.4 24.6 12.5 2.5 2 1 5 0 0
948.8 7949.8 -537.5 234 0 19.4 20.3 12.5 2.5 2 1 5 5 5
1035.2 7967.1 -546.0 21 0 19.6 9.1 5.0 2.5 2 0 2 4 4
-894.8 6822.1 -165.1 68 0 13.5 17.8 5.0 2.5 2 1 2 1 1
-1792.0 2690.9 -279.8 24 0 30.6 10.9 12.5 2.5 2 0 5 2 2
-1803.6 2661.6 -278.7 18 0 10.6 19.3 5.0 2.5 2 1 2 0 0
-1836.2 2678.7 -280.7 166 0 19.5 12.7 7.5 2.5 2 0 3 0 0
-1774.7 2734.0 -287.0 21 0 29.2 11.4 10.0 0.0 0 0 4 4 4
-1770.6 2773.7 -290.7 334 0 11.0 31.4 12.5 2.5 2 1 5 2 2
-1812.0 2750.3 -285.3 200 0 20.3 13.0 12.5 2.5 2 0 5 5 5
-1079.9 -2108.2 -205.3 319 0 5.6 13.7 7.5 2.5 2 1 3 1 1
-2151.0 -1124.8 -128.9 236 0 13.4 12.5 2.5 2.5 2 0 1 5 5
-2297.0 -933.3 -74.3 106 0 10.8 38.2 12.5 2.5 2 1 5 3 3
-2137.7 -1176.0 -140.3 236 0 7.1 32.6 7.5 2.5 2 1 3 0 0
-2174.9 -1168.2 -134.1 256 0 6.9 14.5 7.5 2.5 4 1 3 0 0
-2272.0 -894.6 -76.2 287 0 8.5 47.4 7.5 2.5 2 1 3 4 4
-2442.3 -1112.1 -67.6 200 0 6.9 9.6 7.5 2.5 2 1 3 2 2
-3403.5 -2312.5 383.9 152 0 42.0 8.7 7.5 0.0 0 0 3 3 3
-4375.7 1902.1 -148.5 0 0 15.5 14.1 7.5 2.5 2 0 3 3 3
-4366.5 1880.5 -144.2 183 0 15.5 12.2 5.0 2.5 2 0 2 3 3
-4365.8 1906.5 -150.4 180 0 15.8 13.9 7.5 2.5 2 0 3 2 2
-4368.6 1813.3 -126.1 210 0 18.3 16.7 12.5 2.5 4 0 5 1 1
-4332.1 1818.9 -130.1 53 0 19.6 14.5 10.0 2.5 2 0 4 0 0
-5039.0 -1180.6 606.2 273 0 8.1 31.0 7.5 0.0 0 1 3 2 2
-5028.1 -1225.1 609.2 26 0 10.3 11.7 5.0 2.5 2 1 2 3 3
-6449.4 -6181.7 -53.7 347 0 9.4 15.2 5.0 2.5 2 1 2 0 0
-6632.7 -6360.9 -23.2 51 0 12.8 13.4 7.5 2.5 4 1 3 0 0
-6649.2 -5984.3 49.3 359 0 20.2 7.7 2.5 2.5 2 0 1 3 3
-6630.8 -4486.5 253.8 29 0 28.0 18.8 15.0 0.0 0 0 6 3 3
-4254.7 6127.1 91.9 333 0 14.4 26.3 10.0 2.5 2 1 4 0 0
6930.3 8294.5 -617.1 65 0 6.6 7.5 2.5 2.5 2 1 1 4 4
6917.5 8305.0 -617.5 244 0 5.0 12.4 2.5 2.5 2 1 1 5 5
6932.8 8232.4 -616.8 341 0 10.0 19.3 5.0 2.5 2 1 2 5 5
6913.4 8226.0 -617.6 341 0 10.0 26.5 5.0 2.5 2 1 2 0 0
6872.7 8217.8 -618.4 252 0 27.1 10.2 5.0 0.0 0 0 2 1 1
6838.8 8207.2 -619.5 252 0 26.7 9.8 5.0 0.0 0 0 2 1 1
6804.5 8190.1 -620.2 161 0 9.5 22.3 5.0 2.5 2 1 2 4 4
6918.2 8209.8 -617.2 342 0 7.9 25.4 5.0 2.5 2 1 2 2 2
6846.8 8182.2 -619.1 71 0 25.5 7.9 5.0 0.0 0 0 2 0 0
6807.1 8173.0 -619.9 162 0 8.0 26.5 5.0 0.0 0 1 2 1 1
6816.2 8209.8 -620.0 251 0 4.3 9.1 2.5 2.5 4 1 1 0 0
6828.7 8214.4 -619.6 251 0 4.3 9.1 2.5 2.5 2 1 1 4 4
6834.8 8217.1 -619.4 251 0 4.3 9.1 2.5 2.5 2 1 1 3 3
6844.7 8220.4 -619.1 251 0 4.3 9.1 2.5 2.5 2 1 1 4 4
6858.9 8224.7 -618.6 251 0 4.3 9.1 2.5 0.0 0 1 1 4 4
6866.2 8226.6 -618.4 251 0 4.3 9.1 2.5 2.5 2 1 1 4 4
6872.4 8228.4 -618.2 251 0 4.3 9.1 2.5 2.5 2 1 1 1 1
6891.9 8235.3 -617.6 251 0 4.3 9.1 2.5 2.5 2 1 1 4 4
6886.6 8233.3 -617.8 251 0 4.3 9.1 2.5 2.5 2 1 1 3 3
6923.2 8240.3 -616.7 341 0 9.1 4.3 2.5 2.5 2 0 1 3 3
6899.8 8189.1 -617.0 74 0 4.3 9.1 2.5 2.5 2 1 1 3 3
6887.5 8184.8 -617.4 74 0 4.3 9.1 2.5 2.5 2 1 1 2 2
6881.3 8182.8 -617.6 74 0 4.3 9.1 2.5 2.5 2 1 1 4 4
6875.7 8180.9 -617.7 74 0 4.3 9.1 2.5 2.5 2 1 1 3 3
6859.6 8176.2 -618.2 74 0 4.3 9.1 2.5 2.5 2 1 1 2 2
6833.3 8166.8 -619.1 74 0 4.3 9.1 2.5 2.5 4 1 1 4 4
6815.8 8160.4 -619.6 74 0 4.3 9.1 2.5 2.5 2 1 1 4 4
529.1 -2987.9 -322.5 114 0 6.0 6.2 2.5 2.5 2 1 1 0 0
550.1 -2926.0 -327.7 25 0 5.4 7.4 2.5 0.0 0 1 1 4 4
538.5 -2930.8 -326.7 24 0 16.0 7.3 2.5 2.5 2 0 1 5 5
517.9 -2949.0 -323.9 116 0 7.8 9.3 2.5 0.0 0 1 1 0 0
489.9 -2946.9 -322.0 120 0 7.5 15.6 2.5 2.5 2 1 1 1 1
438.3 -2926.3 -318.0 109 0 7.6 11.7 2.5 2.5 2 1 1 5 5
426.0 -2924.4 -320.6 109 0 8.5 26.2 2.5 2.5 2 1 1 1 1
399.6 -2942.0 -311.6 279 0 19.8 10.2 2.5 2.5 2 0 1 2 2
357.5 -2961.8 -306.7 279 0 24.6 8.7 2.5 2.5 4 0 1 5 5
335.7 -2981.5 -303.9 84 0 17.1 6.5 2.5 2.5 2 0 1 0 0
288.7 -2951.6 -307.5 252 0 12.2 9.0 2.5 2.5 2 0 1 1 1
305.2 -2945.9 -308.5 252 0 15.9 9.0 2.5 2.5 2 0 1 1 1
376.0 -2949.4 -309.5 277 0 12.1 8.3 2.5 2.5 2 0 1 1 1
358.8 -2945.3 -309.7 276 0 11.7 9.2 2.5 2.5 2 0 1 4 4
363.1 -2927.7 -313.1 283 0 13.9 9.7 5.0 2.5 2 0 2 0 0
363.1 -2927.7 -313.1 283 0 27.6 12.8 2.5 2.5 2 0 1 1 1
341.0 -2934.3 -311.2 282 0 21.1 12.9 2.5 2.5 2 0 1 0 0
337.2 -2933.5 -311.2 282 0 13.2 8.9 5.0 2.5 2 0 2 3 3
323.8 -2930.1 -311.3 283 0 8.2 8.3 2.5 2.5 2 1 1 3 3
398.7 -2995.7 -306.2 99 0 42.8 9.4 2.5 2.5 2 0 1 5 5
226.3 -2933.5 -314.5 271 0 9.1 7.8 2.5 2.5 2 0 1 4 4
206.8 -2926.2 -314.9 280 0 5.1 9.3 2.5 2.5 2 1 1 3 3
269.0 -2794.0 -317.0 171 0 8.2 52.2 2.5 2.5 2 1 1 2 2
271.9 -2804.3 -318.2 171 0 8.0 55.9 2.5 2.5 2 1 1 0 0
673.9 -3135.0 -322.9 33 0 8.6 25.4 2.5 0.0 0 1 1 1 1
-5930.6 -8186.2 -178.2 247 0 53.6 21.0 10.0 2.5 2 0 4 2 2
-6051.8 -8215.7 -183.0 248 0 24.7 11.5 10.0 2.5 2 0 4 5 5
-5725.2 -8010.4 -200.1 260 0 32.2 23.7 10.5 0.0 0 0 3 2 2
