2873.4 -4594.5 -44.9 326 0 32.0 25.9 7.5 0.0 0 0 3 1 1
1552.8 -2299.1 23.1 36 0 14.4 31.0 14.0 3.5 2 1 4 3 3
1405.3 -2646.1 -12.8 34 0 17.2 39.5 14.0 0.0 0 1 4 2 2
1308.3 -2572.8 -3.8 211 0 7.9 27.3 10.5 3.5 2 1 3 2 2
1297.9 -2586.6 -5.2 211 0 9.5 28.8 10.5 3.5 2 1 3 0 0
1352.3 -2601.6 -9.0 305 0 39.8 12.9 14.0 3.5 2 0 4 2 2
1338.2 -2672.8 -11.9 121 0 21.5 36.4 14.0 0.0 0 1 4 2 2
1531.2 -2329.1 20.6 36 0 12.4 41.4 14.0 3.5 2 1 4 5 5
1542.5 -2316.4 21.7 36 0 14.2 41.8 14.0 0.0 0 1 4 4 4
1512.4 -2355.7 16.8 37 0 45.3 10.8 14.0 3.5 2 0 4 3 3
1467.5 -2392.4 10.5 37 0 34.7 9.6 10.5 3.5 2 0 3 5 5
1463.1 -2422.9 7.5 37 0 10.1 36.4 14.0 3.5 2 1 4 4 4
1445.9 -2445.0 4.0 39 0 34.2 9.3 10.5 3.5 2 0 3 2 2
1415.0 -2430.1 2.4 219 0 52.0 10.6 14.0 0.0 0 0 4 0 0
1377.0 -2480.8 -1.1 219 0 29.5 10.9 14.0 3.5 4 0 4 0 0
1404.4 -2497.9 -2.6 38 0 33.6 11.1 14.0 3.5 2 0 4 2 2
146.8 -2850.1 -48.1 87 0 13.6 39.7 17.5 3.5 2 1 5 1 1
180.1 -2851.7 -46.3 92 0 10.5 37.7 17.5 3.5 2 1 5 4 4
1559.9 -3094.9 -48.4 298 0 12.6 45.0 17.5 3.5 2 1 5 2 2
1519.1 -3181.5 -50.3 118 0 12.2 44.5 17.5 3.5 2 1 5 0 0
1493.0 -3162.1 -47.9 118 0 11.3 43.8 17.5 3.5 2 1 5 0 0
1523.4 -3088.5 -46.0 208 0 49.2 10.8 17.5 3.5 2 0 5 4 4
1527.8 -3011.7 -42.1 301 0 11.6 30.2 17.5 3.5 2 1 5 3 3
1504.8 -2986.2 -40.2 301 0 11.3 38.6 17.5 3.5 2 1 5 2 2
1481.4 -2972.2 -38.6 301 0 10.0 39.1 10.5 3.5 2 1 3 5 5
1450.6 -2957.9 -36.8 301 0 10.2 40.6 17.5 3.5 2 1 5 2 2
258.4 -2414.9 -31.3 12 0 103.0 10.9 17.5 3.5 2 0 5 3 3
259.8 -2526.8 -34.3 102 0 10.2 54.5 17.5 3.5 2 1 5 4 4
307.8 -2470.9 -34.4 282 0 54.3 9.0 10.5 3.5 2 0 3 4 4
303.8 -2518.5 -35.7 102 0 43.7 13.7 17.5 3.5 2 0 5 0 0
300.2 -2536.6 -36.3 102 0 44.0 10.6 17.5 3.5 2 0 5 3 3
308.2 -2422.8 -32.8 282 0 14.1 37.8 17.5 3.5 2 1 5 4 4
333.1 -2427.1 -33.6 282 0 14.4 38.7 17.5 3.5 2 1 5 1 1
359.6 -2431.5 -34.7 282 0 12.8 50.7 17.5 3.5 2 1 5 2 2
347.7 -2484.9 -35.8 280 0 14.0 23.1 17.5 3.5 2 1 5 0 0
340.5 -2551.3 -37.4 96 0 11.5 37.0 17.5 3.5 2 1 5 5 5
334.4 -2570.9 -38.1 94 0 18.2 12.6 17.5 3.5 2 0 5 3 3
326.5 -2594.6 -39.8 94 0 27.4 20.2 17.5 3.5 2 0 5 0 0
383.7 -2435.7 -36.2 281 0 18.0 72.6 17.5 3.5 2 1 5 4 4
361.0 -2597.5 -39.9 95 0 19.1 77.1 17.5 3.5 4 1 5 4 4
405.7 -2488.3 -38.4 279 0 26.1 62.0 17.5 0.0 0 1 5 5 5
35.4 -2851.5 -45.3 360 0 16.2 34.4 12.5 2.5 2 1 5 5 5
491.2 -2228.6 -30.5 15 0 14.0 58.6 10.0 2.5 4 1 4 5 5
425.8 -2235.3 -30.6 195 0 16.2 60.8 12.5 0.0 0 1 5 5 5
190.8 -2147.3 -22.7 285 0 16.9 42.0 12.5 2.5 2 1 5 5 5
268.6 -2257.2 -24.3 15 0 40.0 14.2 12.5 2.5 2 0 5 1 1
-884.9 -1737.0 -11.7 99 0 45.1 45.5 17.5 0.0 0 1 5 2 2
1198.0 -2722.6 -22.2 212 0 35.8 13.3 17.5 3.5 2 0 5 3 3
1104.5 -2877.0 -40.8 121 0 10.1 20.2 17.5 3.5 2 1 5 0 0
993.8 -2790.0 -46.0 121 0 11.2 20.3 17.5 3.5 2 1 5 5 5
1018.8 -2803.6 -44.2 121 0 25.2 13.0 17.5 3.5 4 0 5 2 2
1017.4 -2765.5 -42.1 211 0 20.9 11.7 17.5 3.5 2 0 5 4 4
1051.3 -2739.8 -38.2 301 0 14.3 24.5 17.5 3.5 2 1 5 2 2
1059.6 -2760.7 -35.6 211 0 9.9 33.4 10.5 3.5 4 1 3 5 5
1043.9 -2819.6 -41.5 121 0 10.7 41.0 17.5 3.5 2 1 5 0 0
1058.0 -2851.5 -42.4 121 0 12.8 41.4 17.5 0.0 0 1 5 5 5
1082.9 -2864.1 -41.1 121 0 12.4 39.6 17.5 3.5 2 1 5 2 2
1117.0 -2815.1 -35.4 29 0 12.9 41.6 17.5 3.5 2 1 5 4 4
1092.2 -2756.8 -31.4 222 0 10.9 49.1 17.5 3.5 2 1 5 2 2
1143.0 -2778.0 -29.7 41 0 12.2 43.5 17.5 3.5 2 1 5 5 5
1202.1 -2823.0 -30.5 34 0 10.4 59.5 17.5 3.5 2 1 5 3 3
2402.8 -3644.5 -61.7 111 0 47.0 13.9 10.0 2.5 2 0 4 2 2
2390.7 -3591.3 -53.9 201 0 38.3 13.4 10.0 2.5 4 0 4 3 3
2434.8 -3586.0 -58.0 291 0 24.6 40.1 10.0 0.0 0 1 4 5 5
783.6 -2902.5 -56.3 245 0 18.4 17.4 17.5 3.5 4 0 5 2 2
774.8 -2941.5 -56.2 155 0 19.6 41.1 17.5 3.5 2 1 5 4 4
814.2 -3071.9 -50.8 221 0 12.8 80.2 14.0 3.5 2 1 4 1 1
931.7 -3162.5 -52.1 53 0 12.8 19.0 14.0 3.5 4 1 4 1 1
911.9 -3127.9 -52.1 310 0 13.8 45.0 14.0 3.5 2 1 4 3 3
891.0 -3209.3 -49.4 37 0 51.1 13.3 14.0 3.5 2 0 4 5 5
845.9 -3194.5 -48.9 121 0 14.6 41.0 14.0 3.5 2 1 4 3 3
818.4 -3171.1 -48.9 121 0 14.8 46.7 14.0 3.5 2 1 4 5 5
791.4 -3126.7 -48.6 211 0 63.6 14.1 14.0 3.5 2 0 4 5 5
737.3 -3152.3 -44.7 211 0 12.2 63.1 14.0 3.5 2 1 4 1 1
815.2 -3207.3 -45.8 121 0 48.7 13.1 14.0 0.0 0 0 4 4 4
2186.9 -3011.8 -39.8 299 0 35.5 58.9 14.0 0.0 0 1 4 4 4
2236.9 -3070.7 -36.7 29 0 63.9 23.8 14.0 0.0 0 0 4 2 2
2859.6 -7765.6 54.8 358 0 45.6 29.9 12.5 0.0 0 0 5 3 3
