4399.4 -9717.3 -347.0 80 0 66.7 25.1 7.5 0.0 0 0 3 4 4
4746.2 -11645.8 325.7 309 0 11.1 10.4 7.5 2.5 2 0 3 3 3
-5279.8 -1473.1 -268.9 48 0 23.7 30.6 10.5 0.0 0 1 3 5 5
-2464.2 -5800.4 -290.9 258 0 30.0 37.6 14.0 0.0 0 1 4 2 2
-4982.9 -3917.3 -284.9 235 0 13.0 46.6 17.5 3.5 2 1 5 5 5
-3397.6 -5404.0 -260.6 120 0 66.6 19.8 14.0 3.5 2 0 4 0 0
-3294.9 -5369.0 -278.3 73 0 21.9 64.0 14.0 3.5 2 1 4 3 3
-3376.9 -5367.1 -269.2 75 0 17.8 43.0 14.0 3.5 2 1 4 2 2
-3443.3 -5362.7 -256.7 75 0 17.8 43.0 14.0 3.5 2 1 4 0 0
-3480.3 -5334.5 -257.4 64 0 17.8 43.0 14.0 3.5 2 1 4 5 5
-3243.6 -5157.1 -290.9 299 0 17.9 72.1 14.0 3.5 2 1 4 1 1
-3398.1 -5182.9 -286.9 18 0 46.9 17.5 14.0 3.5 2 0 4 4 4
-3490.2 -5153.6 -291.5 136 0 15.7 44.3 14.0 3.5 2 1 4 0 0
-3517.4 -5122.0 -290.9 148 0 15.7 44.3 14.0 3.5 2 1 4 0 0
-3530.3 -5068.8 -289.0 58 0 46.8 17.6 17.5 3.5 2 0 5 3 3
-3424.6 -5031.0 -286.9 325 0 15.8 58.0 14.0 3.5 2 1 4 2 2
-3556.0 -5003.0 -287.8 294 0 25.3 37.5 17.5 0.0 0 1 5 5 5
-3602.1 -4956.7 -289.5 296 0 20.6 68.9 17.5 3.5 2 1 5 0 0
-3792.1 -4817.4 -289.2 297 0 17.9 57.1 14.0 0.0 0 1 4 4 4
-4665.0 -4538.6 -272.2 326 0 17.5 15.2 17.5 3.5 2 0 5 0 0
-4680.6 -4516.0 -275.5 326 0 17.5 15.2 17.5 3.5 2 0 5 0 0
-4744.4 -4453.5 -274.7 327 0 17.5 15.2 17.5 3.5 2 0 5 3 3
-4705.2 -4500.0 -271.9 326 0 17.5 15.2 17.5 3.5 4 0 5 0 0
-4774.2 -4405.2 -281.6 313 0 17.5 15.2 17.5 3.5 2 0 5 2 2
-4799.0 -4384.4 -280.8 314 0 29.2 12.7 17.5 3.5 4 0 5 3 3
-4858.3 -4391.3 -259.3 93 0 17.5 15.3 17.5 0.0 0 0 5 1 1
-4836.6 -4351.8 -279.1 313 0 17.5 15.3 17.5 3.5 4 0 5 1 1
-4886.2 -4324.7 -278.7 134 0 29.2 12.7 17.5 3.5 2 0 5 5 5
-4909.6 -4304.0 -279.3 133 0 17.5 15.2 17.5 3.5 2 0 5 5 5
-4882.6 -4177.4 -286.8 255 0 13.1 81.4 17.5 3.5 2 1 5 5 5
-4842.2 -4303.8 -285.6 313 0 17.5 15.2 17.5 3.5 2 0 5 3 3
-4931.8 -4225.7 -283.5 223 0 15.2 17.5 17.5 3.5 4 1 5 2 2
-4914.5 -4242.3 -284.8 223 0 15.2 17.5 17.5 3.5 2 1 5 3 3
-4997.4 -4127.1 -281.7 281 0 25.8 27.3 17.5 0.0 0 1 5 3 3
-4948.4 -4205.7 -281.6 43 0 15.2 17.5 17.5 3.5 2 1 5 3 3
-4991.6 -4165.4 -280.7 223 0 15.2 17.5 17.5 0.0 0 1 5 3 3
-4962.8 -4191.2 -281.2 43 0 15.2 17.5 17.5 3.5 2 1 5 0 0
-4920.6 -4184.2 -282.9 50 0 15.2 17.5 17.5 3.5 2 1 5 5 5
-4932.0 -4167.0 -282.6 50 0 15.2 17.5 17.5 0.0 0 1 5 5 5
-4957.1 -4134.5 -282.2 230 0 15.2 17.5 17.5 0.0 0 1 5 4 4
-4970.8 -4117.3 -282.3 230 0 15.2 17.5 17.5 3.5 2 1 5 1 1
-4905.9 -4166.0 -283.7 50 0 15.2 17.5 17.5 3.5 2 1 5 5 5
-4935.3 -4126.7 -283.1 230 0 15.2 17.5 17.5 3.5 2 1 5 2 2
-4952.7 -4105.5 -282.8 230 0 15.2 17.5 17.5 0.0 0 1 5 0 0
-4885.8 -4158.9 -284.9 51 0 14.4 71.0 17.5 3.5 2 1 5 1 1
-4932.7 -4266.4 -281.0 223 0 15.2 17.5 17.5 3.5 2 1 5 4 4
-4958.1 -4247.9 -277.5 223 0 15.2 17.5 17.5 3.5 2 1 5 3 3
-4980.8 -4220.8 -277.8 43 0 15.2 17.5 17.5 3.5 2 1 5 4 4
-4966.0 -4226.8 -277.5 313 0 17.5 15.2 17.5 3.5 2 0 5 1 1
-4996.9 -4203.0 -278.3 43 0 15.2 17.5 17.5 3.5 2 1 5 5 5
-5041.6 -4157.8 -278.6 222 0 11.6 39.7 17.5 3.5 2 1 5 1 1
-5058.7 -4137.8 -279.7 312 0 39.7 11.6 17.5 3.5 2 0 5 0 0
-5040.0 -4215.1 -262.4 133 0 17.5 15.2 17.5 3.5 2 0 5 0 0
-5063.3 -4197.0 -261.5 133 0 17.5 15.2 17.5 3.5 2 0 5 2 2
-5003.5 -4255.7 -261.0 133 0 17.5 15.2 17.5 3.5 4 0 5 3 3
-4973.8 -4283.2 -262.9 133 0 17.5 15.2 17.5 3.5 2 0 5 5 5
-5024.3 -4237.1 -260.0 133 0 17.5 15.2 17.5 3.5 2 0 5 5 5
-5116.6 -4168.5 -267.2 133 0 17.5 15.2 17.5 3.5 2 0 5 4 4
-5112.8 -4143.5 -271.4 128 0 32.4 6.9 10.5 3.5 4 0 3 3 3
-5215.3 -4172.9 -247.7 24 0 14.0 45.3 17.5 3.5 2 1 5 4 4
-5159.4 -4177.1 -254.5 24 0 14.0 45.3 17.5 3.5 2 1 5 3 3
-5205.0 -4146.1 -255.9 44 0 13.7 28.6 17.5 3.5 2 1 5 1 1
-5229.1 -4202.0 -239.4 43 0 15.2 17.5 17.5 3.5 2 1 5 1 1
-5195.5 -4212.8 -238.3 89 0 9.6 11.0 10.5 3.5 2 1 3 3 3
-5260.6 -4130.5 -264.1 137 0 14.0 45.4 17.5 3.5 4 1 5 2 2
-5133.3 -4154.6 -264.9 24 0 14.0 45.3 17.5 3.5 2 1 5 1 1
-5186.9 -4127.4 -264.8 44 0 13.7 28.6 17.5 3.5 2 1 5 2 2
-5162.4 -4115.8 -273.9 41 0 14.0 45.4 17.5 3.5 4 1 5 1 1
-5161.9 -4078.7 -280.4 223 0 15.2 17.5 17.5 3.5 2 1 5 5 5
-5159.6 -4048.2 -283.4 223 0 15.2 17.5 17.5 3.5 2 1 5 0 0
-5133.3 -4071.1 -282.5 223 0 15.2 17.5 17.5 3.5 2 1 5 0 0
-5089.1 -4131.2 -280.0 42 0 14.0 45.4 17.5 3.5 2 1 5 5 5
-5183.4 -4053.6 -282.7 47 0 17.9 62.2 17.5 3.5 2 1 5 3 3
-5164.1 -4040.0 -283.4 47 0 17.9 62.2 17.5 3.5 4 1 5 4 4
-5279.6 -4049.5 -274.0 243 0 13.9 45.5 17.5 3.5 2 1 5 0 0
-5291.5 -3997.3 -277.4 243 0 13.9 45.5 17.5 3.5 2 1 5 1 1
-5257.3 -3988.3 -280.9 224 0 13.7 28.6 17.5 3.5 4 1 5 1 1
-5244.9 -3977.0 -281.2 224 0 13.7 28.6 17.5 3.5 2 1 5 0 0
-5267.6 -3969.9 -279.7 181 0 15.3 17.5 17.5 3.5 2 1 5 0 0
-5202.2 -4076.0 -274.7 310 0 9.5 11.0 10.5 3.5 4 1 3 4 4
-5220.4 -4037.5 -280.4 358 0 10.8 9.6 10.5 3.5 2 0 3 0 0
-5213.1 -4067.8 -276.4 315 0 11.0 9.5 10.5 3.5 2 0 3 3 3
-5261.0 -4039.7 -277.0 237 0 13.7 28.6 17.5 3.5 2 1 5 4 4
-5310.8 -4088.5 -262.8 137 0 17.5 15.2 17.5 3.5 2 0 5 5 5
-5288.8 -4196.7 -225.8 139 0 11.0 9.5 10.5 3.5 2 0 3 5 5
-5302.2 -4162.6 -235.7 139 0 11.0 9.5 10.5 3.5 2 0 3 0 0
-5288.5 -4155.6 -239.8 139 0 11.0 9.5 10.5 0.0 0 0 3 1 1
-5342.1 -4118.1 -246.3 139 0 11.0 9.5 10.5 3.5 4 0 3 5 5
-5349.9 -4063.3 -264.3 139 0 11.0 9.5 10.5 3.5 2 0 3 0 0
-5331.0 -4046.6 -270.4 139 0 11.0 9.5 10.5 3.5 2 0 3 3 3
-5306.1 -4054.4 -271.9 161 0 9.5 10.9 10.5 3.5 2 1 3 3 3
-5272.0 -4107.1 -268.1 63 0 13.9 45.5 17.5 0.0 0 1 5 1 1
-5291.8 -3975.8 -277.9 345 0 15.3 17.5 17.5 3.5 2 1 5 4 4
-5313.1 -3991.7 -275.2 325 0 15.3 17.5 17.5 3.5 2 1 5 1 1
-5359.6 -4006.3 -274.5 229 0 9.5 11.0 10.5 3.5 2 1 3 0 0
-5382.7 -4031.1 -274.2 139 0 11.0 9.5 10.5 3.5 2 0 3 1 1
-5416.5 -4047.0 -273.1 229 0 9.5 11.0 10.5 3.5 2 1 3 4 4
-5438.5 -4064.8 -269.9 229 0 9.5 11.0 10.5 3.5 4 1 3 2 2
-5513.6 -4114.7 -271.7 229 0 9.5 11.0 10.5 3.5 2 1 3 1 1
-5378.1 -3954.3 -278.8 232 0 11.4 24.9 17.5 3.5 2 1 5 5 5
-5381.0 -3992.0 -277.0 229 0 24.9 11.4 17.5 3.5 4 0 5 4 4
-5398.6 -4002.4 -277.1 229 0 9.5 11.0 10.5 3.5 2 1 3 2 2
-5384.7 -3972.9 -278.3 229 0 9.5 11.0 10.5 3.5 2 1 3 4 4
-5394.9 -3963.6 -279.2 237 0 10.9 9.5 10.5 3.5 2 0 3 4 4
-5359.2 -3935.6 -280.0 232 0 28.7 13.3 17.5 3.5 2 0 5 5 5
-5317.4 -3937.7 -280.1 49 0 9.5 11.0 10.5 3.5 4 1 3 2 2
-5285.5 -3928.3 -280.2 72 0 9.5 11.0 10.5 3.5 2 1 3 1 1
-5299.3 -3908.0 -280.7 319 0 11.0 9.5 10.5 3.5 2 0 3 2 2
-5321.7 -3906.4 -280.7 229 0 9.5 11.0 10.5 3.5 4 1 3 1 1
-5300.7 -3930.7 -280.3 49 0 9.5 11.0 10.5 0.0 0 1 3 5 5
-5334.4 -3892.5 -281.0 229 0 9.5 11.0 10.5 3.5 2 1 3 4 4
-5300.4 -3891.6 -281.0 319 0 11.0 9.5 10.5 0.0 0 0 3 1 1
-5321.9 -3846.7 -282.0 235 0 11.9 86.7 17.5 3.5 2 1 5 3 3
-5267.0 -3872.4 -280.5 130 0 9.6 30.4 10.5 3.5 2 1 3 2 2
-5226.9 -3841.3 -280.9 10 0 13.9 18.8 17.5 3.5 2 1 5 2 2
-5206.6 -3760.5 -282.2 256 0 30.6 15.2 17.5 3.5 4 0 5 0 0
-5151.3 -3862.0 -282.3 145 0 13.9 15.5 17.5 3.5 2 1 5 4 4
-5135.4 -3882.2 -282.8 145 0 13.9 15.5 17.5 3.5 2 1 5 4 4
-5124.4 -3814.5 -282.4 330 0 13.9 15.5 17.5 3.5 4 1 5 5 5
-5106.7 -3831.6 -283.0 317 0 13.9 15.5 17.5 3.5 2 1 5 1 1
-5087.7 -3848.5 -283.6 317 0 13.9 15.5 17.5 3.5 2 1 5 5 5
-5071.3 -3870.5 -283.9 318 0 13.9 15.5 17.5 3.5 2 1 5 5 5
-5054.4 -3882.6 -283.9 322 0 13.9 15.5 17.5 3.5 2 1 5 3 3
-5040.0 -3895.8 -284.4 320 0 13.9 15.5 17.5 3.5 2 1 5 4 4
-5031.3 -3876.2 -284.5 137 0 14.4 16.5 21.0 0.0 0 1 6 3 3
-5050.8 -3860.1 -284.6 137 0 14.4 16.5 21.0 0.0 0 1 6 0 0
-5075.6 -3833.4 -284.1 137 0 14.4 16.5 21.0 0.0 0 1 6 2 2
-5094.1 -3816.1 -283.5 137 0 14.4 16.5 21.0 0.0 0 1 6 5 5
-5107.8 -3798.4 -283.0 137 0 14.4 16.5 21.0 0.0 0 1 6 5 5
-5126.8 -3781.9 -282.6 137 0 14.4 16.5 21.0 0.0 0 1 6 3 3
-5149.7 -3795.5 -282.2 227 0 16.5 14.4 17.5 3.5 4 0 5 4 4
-5169.1 -3833.4 -281.7 227 0 16.5 14.4 17.5 3.5 2 0 5 2 2
-5184.3 -3814.8 -281.8 227 0 16.5 14.4 17.5 0.0 0 0 5 5 5
-5164.1 -3989.3 -282.5 55 0 15.5 13.9 17.5 3.5 2 0 5 3 3
-5177.2 -3974.7 -282.0 55 0 15.5 13.9 17.5 3.5 2 0 5 3 3
-5201.3 -3946.9 -281.4 235 0 15.5 13.9 17.5 3.5 2 0 5 1 1
-5211.2 -3929.4 -281.1 235 0 15.5 13.9 17.5 0.0 0 0 5 2 2
-5192.9 -3915.4 -281.5 235 0 15.5 13.9 17.5 3.5 2 0 5 3 3
-5178.1 -3901.9 -281.8 235 0 15.5 13.9 17.5 3.5 2 0 5 1 1
-5138.0 -3953.5 -282.8 49 0 40.1 34.6 17.5 0.0 0 0 5 4 4
-5066.5 -3982.3 -283.9 232 0 13.3 41.5 17.5 3.5 2 1 5 3 3
-4996.7 -4048.2 -284.2 57 0 18.9 45.0 17.5 3.5 2 1 5 1 1
-5057.0 -4102.2 -282.6 46 0 12.4 53.6 17.5 3.5 2 1 5 1 1
-5131.3 -4020.9 -283.2 227 0 12.3 53.5 17.5 3.5 2 1 5 2 2
-5029.7 -4107.3 -283.0 74 0 47.5 12.6 17.5 3.5 2 0 5 5 5
-4986.0 -4091.4 -283.7 67 0 39.1 11.0 17.5 3.5 2 0 5 1 1
-4958.2 -4066.3 -284.8 57 0 18.9 45.0 17.5 3.5 2 1 5 3 3
-5017.9 -3960.5 -284.3 235 0 15.5 28.2 17.5 3.5 2 1 5 0 0
-5012.5 -3931.8 -284.7 238 0 28.2 15.6 17.5 3.5 4 0 5 4 4
-5047.4 -3954.2 -284.2 227 0 16.5 14.4 17.5 0.0 0 0 5 3 3
-5039.7 -4061.9 -283.7 56 0 44.9 18.9 17.5 3.5 2 0 5 3 3
-5565.6 -4043.5 -274.5 327 0 22.0 13.6 12.5 2.5 2 0 5 4 4
-5477.5 -3969.4 -279.5 49 0 9.5 11.0 7.5 2.5 2 1 3 4 4
-5467.3 -3954.8 -280.6 49 0 9.5 11.0 5.0 2.5 2 1 2 1 1
-5528.1 -3937.6 -270.4 139 0 11.0 9.5 2.5 2.5 2 0 1 3 3
-5518.2 -3927.4 -271.7 139 0 11.0 9.5 5.0 2.5 2 0 2 1 1
-5486.3 -3836.7 -266.6 205 0 9.5 10.9 5.0 2.5 2 1 2 2 2
-5419.2 -3890.7 -276.4 34 0 9.5 10.9 7.5 2.5 2 1 3 1 1
-5446.5 -3868.7 -273.6 34 0 9.5 10.9 5.0 2.5 2 1 2 2 2
-5444.5 -3852.0 -272.8 34 0 9.5 10.9 5.0 2.5 2 1 2 5 5
-5448.1 -3818.9 -269.2 214 0 9.5 10.9 5.0 2.5 2 1 2 0 0
-5452.6 -3796.4 -263.8 113 0 16.2 25.8 10.0 2.5 2 1 4 3 3
-5424.5 -3766.9 -267.3 206 0 20.9 25.1 10.0 2.5 2 1 4 2 2
-5388.6 -3816.9 -275.0 34 0 9.5 10.9 7.5 2.5 2 1 3 0 0
-5383.7 -3805.3 -273.8 34 0 9.5 10.9 5.0 2.5 2 1 2 4 4
-5376.5 -3793.5 -273.3 34 0 9.5 10.9 7.5 2.5 2 1 3 5 5
-5366.4 -3780.6 -273.4 34 0 9.5 10.9 5.0 2.5 2 1 2 1 1
-5351.2 -3754.9 -272.7 34 0 9.5 10.9 7.5 2.5 4 1 3 0 0
-5383.5 -3704.1 -267.0 214 0 9.5 10.9 5.0 2.5 2 1 2 2 2
-5362.6 -3701.3 -274.0 214 0 34.1 9.9 7.5 0.0 0 0 3 3 3
-5342.6 -3673.2 -275.2 214 0 9.5 10.9 7.5 2.5 2 1 3 5 5
-5305.6 -3666.5 -276.2 302 0 22.6 11.2 17.5 0.0 0 0 7 4 4
-5340.1 -3652.9 -273.7 214 0 9.5 10.9 7.5 2.5 2 1 3 4 4
-5304.4 -3640.2 -263.6 124 0 10.9 9.5 7.5 2.5 2 0 3 0 0
-5334.4 -3633.9 -263.4 34 0 9.5 10.9 7.5 2.5 2 1 3 0 0
-5320.3 -3623.2 -253.3 167 0 9.5 10.9 7.5 2.5 2 1 3 1 1
-5409.5 -3704.8 -258.6 304 0 10.9 9.5 7.5 0.0 0 0 3 4 4
-5385.4 -3670.0 -264.7 34 0 9.5 10.9 5.0 2.5 2 1 2 5 5
-5452.5 -3719.7 -251.4 304 0 10.9 9.5 7.5 2.5 2 0 3 5 5
-5437.1 -3684.7 -256.7 127 0 11.1 29.3 15.0 0.0 0 1 6 4 4
-5429.7 -3732.6 -257.8 304 0 11.0 29.1 17.5 0.0 0 1 7 1 1
-5546.7 -3883.4 -264.9 204 0 23.4 12.3 15.0 0.0 0 0 6 3 3
-5562.4 -3917.2 -265.4 204 0 23.4 12.3 12.5 2.5 2 0 5 1 1
-2335.2 -5736.8 -299.0 326 0 58.7 25.7 10.0 2.5 2 0 4 2 2
-2475.4 -5629.2 -291.2 351 0 58.8 25.6 10.0 2.5 2 0 4 2 2
-2685.8 -5369.5 -288.9 37 0 25.7 16.3 14.0 3.5 2 0 4 0 0
-2570.7 -5393.9 -291.9 301 0 23.0 14.2 14.0 3.5 2 0 4 1 1
-2608.1 -5391.6 -291.6 121 0 23.0 14.2 14.0 0.0 0 0 4 1 1
-2632.3 -5356.9 -291.7 300 0 23.0 14.2 14.0 3.5 2 0 4 5 5
-2545.0 -5439.2 -287.3 133 0 23.0 14.2 14.0 3.5 2 0 4 0 0
-2753.0 -5412.2 -282.3 120 0 9.0 23.5 10.5 3.5 2 1 3 5 5
-2655.9 -5338.4 -291.8 300 0 23.0 14.2 14.0 3.5 2 0 4 3 3
-2707.6 -5320.6 -291.3 211 0 14.2 23.0 14.0 3.5 2 1 4 1 1
-2803.1 -5290.0 -289.7 20 0 10.9 33.3 14.0 3.5 2 1 4 5 5
-2839.8 -5354.3 -276.3 20 0 10.8 33.3 14.0 0.0 0 1 4 4 4
-2830.4 -5340.9 -279.8 20 0 10.8 33.3 14.0 3.5 2 1 4 5 5
-2853.9 -5266.4 -288.3 290 0 33.3 10.8 14.0 3.5 2 0 4 1 1
-2894.8 -5253.3 -287.5 290 0 33.3 10.8 14.0 0.0 0 0 4 3 3
-2853.4 -5309.0 -282.1 20 0 10.9 33.3 14.0 3.5 4 1 4 1 1
-2818.8 -5323.4 -284.3 20 0 10.8 33.3 14.0 3.5 4 1 4 4 4
-2880.2 -5340.1 -275.7 20 0 10.9 33.3 14.0 3.5 2 1 4 2 2
-2872.8 -5322.6 -278.7 20 0 10.8 33.3 14.0 3.5 2 1 4 2 2
-2918.2 -5344.1 -273.1 200 0 10.8 33.3 14.0 3.5 2 1 4 3 3
-2849.8 -5371.8 -272.0 15 0 9.1 23.4 10.5 3.5 2 1 3 3 3
-2897.6 -5391.9 -267.1 60 0 12.1 8.8 10.5 0.0 0 0 3 4 4
-2933.1 -5359.1 -269.9 203 0 8.8 12.1 10.5 3.5 4 1 3 5 5
-2874.3 -5400.1 -266.4 60 0 12.1 8.8 10.5 3.5 2 0 3 2 2
-2831.0 -5422.0 -267.6 44 0 9.5 23.4 10.5 3.5 2 1 3 2 2
-2901.3 -5436.3 -260.1 36 0 9.5 23.4 10.5 3.5 2 1 3 2 2
-2946.6 -5373.2 -267.0 202 0 8.8 12.1 10.5 3.5 2 1 3 2 2
-2930.9 -5407.6 -263.4 104 0 8.8 12.2 10.5 3.5 2 1 3 4 4
-2928.0 -5272.9 -284.1 203 0 12.2 8.8 10.5 3.5 2 0 3 3 3
-2841.6 -5287.2 -285.6 293 0 12.1 8.8 10.5 3.5 4 0 3 3 3
-2774.8 -5300.3 -290.8 213 0 12.2 8.8 10.5 3.5 2 0 3 0 0
-3191.0 -5494.8 -248.1 194 0 10.5 13.2 14.0 3.5 2 1 4 5 5
-3081.9 -5381.8 -260.5 284 0 13.2 10.5 14.0 3.5 2 0 4 3 3
-3060.6 -5388.2 -259.6 284 0 13.2 10.5 14.0 3.5 2 0 4 2 2
-3040.6 -5399.4 -257.8 284 0 13.2 10.5 14.0 3.5 2 0 4 1 1
-3020.6 -5424.3 -254.7 284 0 13.2 10.5 14.0 3.5 2 0 4 2 2
-3122.0 -5446.4 -250.6 244 0 13.2 10.5 14.0 3.5 4 0 4 2 2
-3082.9 -5347.2 -267.8 104 0 13.2 10.5 14.0 3.5 2 0 4 3 3
-3059.0 -5360.0 -265.8 104 0 13.2 10.5 14.0 3.5 2 0 4 0 0
-3046.0 -5323.3 -271.8 104 0 13.2 10.5 14.0 3.5 2 0 4 4 4
-2959.3 -5254.6 -286.0 32 0 9.1 18.0 10.5 3.5 2 1 3 1 1
-2985.0 -5234.7 -285.9 299 0 18.0 9.1 10.5 3.5 2 0 3 5 5
-3102.1 -5305.3 -275.0 108 0 10.4 13.2 14.0 3.5 2 1 4 1 1
-3061.8 -5290.6 -277.5 108 0 10.4 13.2 14.0 3.5 2 1 4 0 0
-3072.8 -5262.7 -279.9 288 0 10.4 13.2 14.0 3.5 2 1 4 2 2
-3066.8 -5229.8 -285.3 288 0 10.4 13.2 14.0 3.5 2 1 4 4 4
-3044.4 -5235.5 -284.7 306 0 10.4 13.2 14.0 3.5 2 1 4 4 4
-3046.3 -5264.0 -280.2 209 0 9.1 18.0 10.5 0.0 0 1 3 4 4
-3139.1 -5216.7 -286.3 265 0 10.4 13.2 14.0 3.5 2 1 4 5 5
-3122.2 -5214.8 -286.6 265 0 10.4 13.2 14.0 3.5 2 1 4 3 3
-3107.0 -5211.0 -287.0 265 0 10.4 13.2 14.0 3.5 2 1 4 2 2
-3066.0 -5210.6 -286.6 265 0 10.4 13.2 14.0 3.5 4 1 4 1 1
-3101.4 -5334.4 -270.2 85 0 10.4 13.2 14.0 3.5 2 1 4 1 1
-3163.0 -5308.8 -274.2 85 0 10.4 13.2 14.0 3.5 2 1 4 2 2
-3133.5 -5282.0 -278.6 85 0 10.4 13.2 14.0 3.5 2 1 4 1 1
-3115.6 -5245.1 -282.5 265 0 10.4 13.2 14.0 3.5 2 1 4 3 3
-3089.8 -5166.4 -287.8 33 0 15.2 81.4 14.0 3.5 2 1 4 4 4
-3434.7 -4706.5 -289.0 310 0 10.4 27.5 17.5 3.5 4 1 5 1 1
-3522.0 -4625.9 -287.6 310 0 10.4 27.6 17.5 3.5 2 1 5 3 3
-3498.5 -4646.0 -287.9 310 0 10.4 27.6 17.5 3.5 2 1 5 4 4
-3471.1 -4658.7 -288.5 307 0 12.7 44.1 17.5 3.5 2 1 5 5 5
-3452.1 -4675.1 -288.8 307 0 12.7 44.1 17.5 3.5 2 1 5 5 5
-3600.3 -4673.9 -289.6 87 0 8.5 14.6 10.5 0.0 0 1 3 2 2
-3623.2 -4660.8 -289.6 90 0 22.5 11.9 17.5 3.5 2 0 5 2 2
-3592.6 -4634.4 -288.7 261 0 11.6 18.1 17.5 3.5 4 1 5 3 3
-3709.5 -4667.9 -291.1 92 0 12.6 42.6 17.5 3.5 2 1 5 5 5
-3735.7 -4666.6 -291.5 92 0 12.6 42.6 17.5 3.5 2 1 5 5 5
-3756.9 -4669.3 -291.9 92 0 12.6 42.6 17.5 3.5 2 1 5 5 5
-3737.9 -4566.5 -289.7 271 0 22.9 49.9 17.5 3.5 2 1 5 3 3
-3677.5 -4665.2 -290.5 92 0 12.5 42.6 17.5 3.5 2 1 5 3 3
-3691.9 -4682.6 -291.7 86 0 42.4 12.6 17.5 3.5 2 0 5 1 1
-3795.0 -4650.9 -291.8 101 0 27.6 8.4 10.5 3.5 2 0 3 5 5
-3845.1 -4639.5 -292.1 105 0 17.9 19.0 17.5 0.0 0 1 5 2 2
-3855.7 -4616.4 -291.5 92 0 17.8 15.2 17.5 3.5 2 0 5 1 1
-3794.9 -4631.5 -291.0 101 0 16.7 27.1 17.5 3.5 2 1 5 1 1
-3662.1 -4469.6 -281.4 293 0 10.9 40.7 17.5 3.5 2 1 5 5 5
-3756.4 -4521.7 -286.5 104 0 21.7 12.5 17.5 0.0 0 0 5 4 4
-3744.3 -4492.8 -285.9 109 0 33.4 10.8 17.5 3.5 2 0 5 3 3
-3719.0 -4470.9 -285.4 19 0 10.8 33.4 17.5 3.5 2 1 5 1 1
-3713.8 -4453.1 -285.0 19 0 10.8 33.4 17.5 3.5 2 1 5 4 4
-3674.4 -4470.2 -281.8 23 0 18.3 36.8 17.5 3.5 2 1 5 5 5
-3718.2 -4494.3 -285.4 113 0 10.7 25.0 17.5 3.5 4 1 5 0 0
-3733.0 -4526.4 -286.2 113 0 10.7 25.0 17.5 3.5 2 1 5 4 4
-3756.1 -4401.8 -284.9 283 0 10.0 23.7 17.5 3.5 4 1 5 0 0
-3757.7 -4384.2 -283.2 193 0 23.7 10.0 17.5 3.5 2 0 5 0 0
-3738.3 -4402.7 -284.6 283 0 10.0 23.7 17.5 3.5 2 1 5 5 5
-3732.5 -4376.0 -279.5 283 0 10.0 23.7 17.5 3.5 4 1 5 0 0
-3710.3 -4434.0 -281.5 28 0 10.0 23.6 17.5 3.5 2 1 5 0 0
-3688.8 -4406.9 -274.4 334 0 12.5 21.7 17.5 3.5 2 1 5 3 3
-3683.1 -4428.1 -273.6 327 0 21.8 12.4 17.5 3.5 2 0 5 1 1
-3695.5 -4386.9 -270.7 327 0 21.8 12.5 17.5 3.5 2 0 5 5 5
-3709.1 -4362.7 -270.4 327 0 21.8 12.5 17.5 3.5 2 0 5 1 1
-3718.8 -4339.1 -268.6 327 0 21.8 12.5 17.5 3.5 2 0 5 0 0
-3767.1 -4357.7 -280.2 173 0 12.5 21.7 17.5 3.5 2 1 5 5 5
-3782.1 -4353.6 -283.4 64 0 10.0 23.7 17.5 3.5 4 1 5 1 1
-3783.5 -4314.4 -274.3 244 0 10.0 23.7 17.5 0.0 0 1 5 0 0
-3749.4 -4309.1 -260.6 216 0 12.5 21.7 17.5 3.5 2 1 5 1 1
-3817.8 -4274.1 -264.4 126 0 21.7 12.5 17.5 3.5 2 0 5 4 4
-3778.3 -4298.6 -261.3 126 0 21.7 12.5 17.5 3.5 4 0 5 3 3
-3772.9 -4433.1 -285.6 289 0 33.4 10.8 17.5 3.5 2 0 5 2 2
-3811.6 -4422.8 -286.0 289 0 33.4 10.8 17.5 3.5 2 0 5 0 0
-3834.2 -4480.0 -287.1 109 0 33.4 10.8 17.5 3.5 4 0 5 4 4
-3794.9 -4507.8 -286.9 109 0 33.4 10.8 17.5 3.5 2 0 5 5 5
-3875.2 -4463.1 -287.3 103 0 10.7 33.5 17.5 3.5 2 1 5 5 5
-3878.2 -4484.5 -287.7 104 0 21.7 12.5 17.5 3.5 2 0 5 4 4
-3806.3 -4403.7 -285.6 284 0 21.7 12.5 17.5 3.5 2 0 5 3 3
-3827.5 -4370.6 -285.5 282 0 10.7 33.5 17.5 3.5 2 1 5 5 5
-3789.9 -4378.0 -285.1 282 0 12.4 21.8 17.5 3.5 2 1 5 3 3
-3821.9 -4356.2 -284.3 106 0 23.6 10.0 17.5 3.5 4 0 5 0 0
-3929.8 -4383.5 -285.3 188 0 13.4 61.8 17.5 3.5 2 1 5 0 0
-3892.3 -4353.9 -284.5 278 0 61.8 13.5 17.5 3.5 2 0 5 4 4
-3879.3 -4296.9 -281.9 8 0 13.4 61.8 17.5 3.5 2 1 5 4 4
-3871.6 -4325.7 -283.1 103 0 10.7 33.5 17.5 3.5 2 1 5 3 3
-3954.5 -4448.7 -287.2 198 0 27.2 17.8 17.5 3.5 2 0 5 0 0
-3925.5 -4468.7 -287.3 104 0 21.7 12.5 17.5 3.5 2 0 5 0 0
-3943.4 -4412.5 -285.9 191 0 21.8 12.4 17.5 3.5 4 0 5 4 4
-3911.6 -4430.2 -286.5 194 0 12.5 21.7 17.5 3.5 2 1 5 5 5
-3874.2 -4409.9 -286.3 294 0 12.4 21.8 17.5 0.0 0 1 5 2 2
-3987.0 -4395.8 -285.3 15 0 19.7 56.3 17.5 3.5 2 1 5 4 4
-4052.8 -4388.5 -284.9 98 0 13.4 62.1 17.5 3.5 2 1 5 2 2
-3965.6 -4373.9 -284.5 11 0 13.5 61.8 17.5 3.5 2 1 5 0 0
-4009.2 -4335.0 -283.5 11 0 21.8 12.4 17.5 3.5 2 0 5 4 4
-3981.2 -4313.9 -282.8 11 0 21.8 12.4 17.5 3.5 2 0 5 5 5
-3946.8 -4330.1 -283.0 101 0 12.5 21.8 17.5 3.5 2 1 5 5 5
-3910.5 -4339.0 -283.4 101 0 12.5 21.8 17.5 3.5 2 1 5 3 3
-3892.8 -4343.7 -283.6 101 0 12.5 21.8 17.5 3.5 2 1 5 1 1
-3931.6 -4263.3 -278.7 357 0 13.5 61.8 17.5 3.5 2 1 5 0 0
-3904.8 -4255.0 -276.1 281 0 12.4 21.8 17.5 3.5 2 1 5 0 0
-3858.7 -4269.4 -273.5 283 0 21.7 12.5 17.5 3.5 2 0 5 4 4
-3968.7 -4447.4 -286.8 11 0 13.5 61.8 17.5 3.5 2 1 5 1 1
-4054.1 -4430.3 -286.3 102 0 45.4 12.9 17.5 3.5 2 0 5 1 1
-4087.2 -4378.6 -284.7 102 0 40.6 41.9 17.5 0.0 0 1 5 1 1
-3977.6 -4508.7 -289.0 195 0 45.5 12.9 17.5 3.5 2 0 5 4 4
-3993.3 -4571.6 -289.0 195 0 45.5 12.9 17.5 3.5 2 0 5 4 4
-3934.0 -4567.1 -288.8 191 0 21.8 12.4 17.5 3.5 2 0 5 2 2
-3923.6 -4501.6 -288.7 284 0 21.7 12.5 17.5 3.5 2 0 5 2 2
-3946.7 -4542.5 -289.1 194 0 12.5 21.7 17.5 3.5 2 1 5 2 2
-4021.6 -4589.3 -288.7 6 0 23.5 19.9 17.5 3.5 2 0 5 3 3
-4006.9 -4476.7 -288.3 276 0 20.0 23.5 17.5 0.0 0 1 5 0 0
-4104.8 -4573.5 -288.7 191 0 28.9 46.4 17.5 0.0 0 1 5 2 2
-4064.0 -4454.2 -287.9 281 0 46.4 29.0 17.5 0.0 0 0 5 3 3
-4004.7 -4536.5 -288.8 15 0 46.6 28.8 17.5 0.0 0 0 5 3 3
-4053.6 -4502.6 -288.6 276 0 20.0 23.5 17.5 3.5 2 1 5 4 4
-4093.3 -4505.5 -288.5 186 0 23.5 19.9 17.5 3.5 2 0 5 1 1
-4190.0 -4556.1 -288.3 191 0 28.9 46.4 17.5 0.0 0 1 5 5 5
-4175.2 -4490.4 -288.1 191 0 35.2 23.6 17.5 0.0 0 0 5 1 1
-4127.6 -4496.8 -288.2 13 0 37.8 14.4 17.5 3.5 2 0 5 2 2
-4116.4 -4455.3 -287.4 11 0 29.0 46.4 17.5 0.0 0 1 5 5 5
-4202.0 -4543.6 -288.0 10 0 44.8 22.0 17.5 3.5 2 0 5 0 0
-4187.8 -4492.6 -288.0 13 0 37.8 14.4 17.5 3.5 2 0 5 5 5
-4175.4 -4439.2 -286.9 14 0 27.2 28.5 17.5 0.0 0 1 5 5 5
-4274.7 -4401.5 -286.0 191 0 13.5 61.8 17.5 3.5 2 1 5 0 0
-4297.1 -4473.8 -287.8 191 0 13.5 61.8 17.5 0.0 0 1 5 0 0
-4275.5 -4560.5 -287.8 101 0 61.8 13.5 17.5 3.5 2 0 5 3 3
-4249.6 -4543.9 -287.8 100 0 22.0 44.8 17.5 3.5 2 1 5 3 3
-4349.2 -4536.5 -288.7 127 0 44.7 22.0 17.5 3.5 2 0 5 3 3
-4307.3 -4448.6 -287.4 224 0 37.7 14.4 17.5 3.5 2 0 5 4 4
-4348.5 -4462.7 -287.8 50 0 12.6 41.3 14.0 0.0 0 1 4 3 3
-4334.6 -4447.7 -287.6 50 0 12.6 41.3 14.0 0.0 0 1 4 0 0
-4307.7 -4385.7 -285.5 290 0 37.6 14.4 14.0 3.5 4 0 4 5 5
-4239.4 -4589.0 -288.0 280 0 44.6 22.1 17.5 3.5 4 0 5 0 0
-4297.1 -4580.2 -288.0 280 0 44.6 22.1 17.5 3.5 2 0 5 5 5
-4248.3 -4622.6 -288.0 99 0 49.3 10.2 17.5 3.5 2 0 5 1 1
-4353.1 -4562.4 -289.1 288 0 47.6 21.6 17.5 3.5 2 0 5 0 0
-4386.4 -4541.9 -289.3 321 0 33.7 19.8 17.5 0.0 0 0 5 3 3
-4443.4 -4552.5 -290.0 140 0 33.7 19.8 17.5 0.0 0 0 5 3 3
-4427.8 -4497.8 -288.4 320 0 33.7 19.8 17.5 0.0 0 0 5 5 5
-4489.3 -4524.4 -288.3 145 0 19.9 33.6 17.5 0.0 0 1 5 2 2
-4510.2 -4489.3 -287.4 140 0 41.3 12.6 17.5 3.5 2 0 5 4 4
-4530.8 -4462.8 -288.5 153 0 12.6 41.2 17.5 3.5 2 1 5 0 0
-4472.2 -4470.6 -287.4 343 0 37.8 14.4 17.5 3.5 2 0 5 4 4
-4453.3 -4441.3 -289.2 334 0 41.3 12.6 17.5 3.5 2 0 5 0 0
-4470.2 -4393.8 -288.8 334 0 41.3 12.6 17.5 3.5 2 0 5 1 1
-4485.9 -4350.7 -287.7 334 0 41.3 12.6 17.5 3.5 2 0 5 1 1
-4509.2 -4311.2 -285.9 334 0 41.3 12.6 17.5 3.5 2 0 5 5 5
-4635.5 -4300.7 -287.1 145 0 69.5 12.9 17.5 0.0 0 0 5 4 4
-4603.6 -4272.1 -285.6 325 0 69.5 12.9 17.5 3.5 2 0 5 3 3
-4576.3 -4252.3 -284.1 325 0 69.5 12.9 17.5 3.5 2 0 5 2 2
-4582.4 -4379.1 -289.9 145 0 40.1 23.0 17.5 0.0 0 0 5 0 0
-4538.4 -4422.0 -289.9 140 0 41.3 12.6 17.5 3.5 2 0 5 0 0
-4695.5 -4162.5 -286.2 145 0 40.1 23.0 17.5 0.0 0 0 5 5 5
-4677.1 -4082.2 -286.9 325 0 40.1 23.0 17.5 0.0 0 0 5 2 2
-4613.0 -4175.7 -283.4 325 0 40.1 23.0 17.5 0.0 0 0 5 4 4
-4630.3 -4088.6 -284.3 147 0 50.2 12.9 17.5 3.5 4 0 5 4 4
-4647.1 -4055.3 -285.0 148 0 13.4 33.4 17.5 3.5 2 1 5 5 5
-4677.7 -3999.5 -283.2 148 0 13.4 33.4 17.5 3.5 2 1 5 0 0
-4678.5 -3976.5 -280.4 148 0 13.4 33.4 17.5 3.5 2 1 5 1 1
-4630.6 -4007.7 -283.2 329 0 33.4 13.3 17.5 3.5 2 0 5 2 2
-4680.0 -3918.5 -274.3 149 0 33.4 13.3 17.5 3.5 2 0 5 0 0
-4700.7 -3957.4 -281.0 168 0 33.5 13.3 17.5 3.5 2 0 5 1 1
-4711.5 -3919.4 -277.1 168 0 33.5 13.3 17.5 3.5 2 0 5 4 4
-4717.6 -3882.4 -277.1 168 0 33.5 13.3 17.5 0.0 0 0 5 1 1
-4719.6 -3812.4 -275.9 189 0 33.5 13.3 17.5 3.5 2 0 5 5 5
-4691.3 -3871.8 -273.6 200 0 13.4 33.3 17.5 3.5 2 1 5 3 3
-4622.3 -3865.3 -269.1 20 0 13.4 33.3 17.5 3.5 2 1 5 0 0
-4689.7 -3837.0 -273.7 200 0 13.4 33.3 17.5 3.5 2 1 5 2 2
-4680.8 -3809.0 -272.4 199 0 33.5 13.3 17.5 3.5 2 0 5 1 1
-4653.4 -3752.8 -267.1 200 0 13.4 33.3 17.5 3.5 2 1 5 4 4
-4580.3 -3774.9 -262.8 20 0 13.4 33.3 17.5 3.5 4 1 5 1 1
-4575.3 -3812.1 -263.1 22 0 29.6 26.4 17.5 0.0 0 0 5 4 4
-4496.0 -3758.7 -254.1 338 0 13.4 33.3 17.5 3.5 4 1 5 3 3
-4521.1 -3799.8 -249.8 158 0 13.4 33.3 17.5 3.5 2 1 5 5 5
-4498.6 -3724.2 -254.5 271 0 46.6 9.0 10.5 3.5 2 0 3 4 4
-4536.2 -3711.0 -259.5 286 0 24.7 15.2 17.5 3.5 2 0 5 2 2
-4606.1 -3712.0 -265.6 284 0 15.1 24.8 17.5 3.5 4 1 5 3 3
-4721.9 -3844.5 -277.3 181 0 20.7 13.1 17.5 3.5 2 0 5 5 5
-4663.8 -3782.0 -268.9 198 0 20.7 13.1 17.5 3.5 2 0 5 1 1
-4710.7 -3779.9 -273.4 198 0 20.7 13.1 17.5 3.5 2 0 5 5 5
-4696.2 -3716.1 -273.5 195 0 13.2 20.6 17.5 3.5 2 1 5 5 5
-4674.8 -3703.4 -273.0 195 0 13.2 20.6 17.5 3.5 2 1 5 0 0
-4644.6 -3691.0 -274.2 15 0 13.2 20.6 17.5 3.5 2 1 5 4 4
-4621.8 -3670.0 -274.0 13 0 20.7 13.1 17.5 3.5 2 0 5 5 5
-4690.5 -3693.8 -276.1 193 0 20.7 13.1 17.5 3.5 2 0 5 2 2
-4685.3 -3673.0 -276.6 193 0 20.7 13.1 17.5 3.5 4 0 5 0 0
-4693.3 -3766.8 -271.3 195 0 13.2 20.6 17.5 3.5 2 1 5 0 0
-4672.9 -3740.5 -269.1 193 0 20.7 13.1 17.5 3.5 2 0 5 3 3
-4651.7 -3580.1 -277.5 193 0 20.7 13.1 17.5 3.5 2 0 5 1 1
-4645.8 -3553.4 -279.3 193 0 20.7 13.1 17.5 0.0 0 0 5 0 0
-4605.4 -3580.6 -276.5 13 0 20.7 13.1 17.5 3.5 2 0 5 2 2
-4596.6 -3556.6 -275.3 13 0 20.7 13.1 17.5 0.0 0 0 5 4 4
-4626.6 -3549.2 -277.9 193 0 20.7 13.1 17.5 3.5 2 0 5 4 4
-4622.4 -3509.6 -277.5 196 0 49.7 10.3 17.5 3.5 2 0 5 4 4
-4577.3 -3519.9 -273.3 13 0 20.7 13.1 17.5 3.5 2 0 5 3 3
-4619.2 -3419.7 -277.1 197 0 48.6 10.3 17.5 3.5 2 0 5 2 2
-4603.5 -3448.8 -274.0 193 0 20.7 13.1 17.5 3.5 2 0 5 0 0
-4564.1 -3463.6 -271.1 13 0 20.7 13.1 17.5 3.5 4 0 5 5 5
-4533.1 -3460.5 -269.0 26 0 80.4 11.3 17.5 3.5 2 0 5 2 2
-4599.9 -3425.0 -274.7 204 0 11.7 32.2 17.5 3.5 2 1 5 3 3
-4541.0 -3412.4 -271.0 307 0 11.7 32.3 17.5 3.5 2 1 5 3 3
-4560.9 -3395.6 -273.7 308 0 20.7 13.1 17.5 3.5 2 0 5 1 1
