5653.3 2646.8 -486.3 146 0 11.9 9.5 7.5 2.5 2 0 3 1 1
-2012.9 9911.9 -412.4 41 0 19.1 29.8 7.5 2.5 2 1 3 4 4
-1152.6 9056.7 -425.0 188 0 35.4 23.6 12.5 0.0 0 0 5 0 0
-1028.9 9240.1 -447.1 293 0 62.6 26.3 12.5 0.0 0 0 5 5 5
-1735.9 10064.6 -422.1 183 0 43.0 17.9 10.5 3.5 2 0 3 2 2
-1405.6 -7386.0 -189.6 200 0 8.9 18.2 2.5 2.5 2 1 1 5 5
-1395.1 -7376.8 -189.2 111 0 7.6 11.3 2.5 0.0 0 1 1 4 4
-1380.7 -7374.8 -189.5 18 0 13.6 4.4 5.0 2.5 2 0 2 4 4
-3402.3 -5549.2 31.7 110 0 50.3 22.9 12.5 2.5 2 0 5 1 1
-101.4 -9753.6 -218.2 1 0 29.8 16.6 12.5 2.5 2 0 5 1 1
-360.2 -11641.4 373.4 124 0 10.2 17.0 5.0 2.5 2 1 2 2 2
-292.5 -11694.6 314.0 59 0 10.1 7.3 2.5 2.5 2 0 1 1 1
-370.1 -11864.1 320.3 92 0 14.3 12.3 10.0 2.5 2 0 4 4 4
-578.4 -11795.9 420.7 335 0 6.0 14.4 7.5 2.5 2 1 3 4 4
-527.2 -11851.6 373.6 64 0 7.1 5.9 7.5 2.5 2 0 3 0 0
-789.4 -11749.1 469.2 243 0 17.2 8.5 2.5 2.5 2 0 1 4 4
-767.9 -11737.3 472.3 249 0 9.3 9.4 5.0 2.5 2 1 2 2 2
721.1 -8075.8 279.3 27 0 12.6 9.2 7.5 2.5 2 0 3 3 3
