-6472.6 8572.9 -77.0 155 0 10.5 28.1 15.0 0.0 0 1 6 0 0
-6483.8 8606.1 -77.5 155 0 10.5 28.1 15.0 0.0 0 1 6 1 1
-6502.2 8658.9 -77.9 155 0 10.5 28.0 15.0 0.0 0 1 6 2 2
-6495.0 8647.8 -77.6 245 0 11.3 27.6 15.0 0.0 0 1 6 4 4
-6466.5 8663.3 -77.8 246 0 10.9 39.1 15.0 0.0 0 1 6 1 1
-6513.6 8622.4 -77.3 246 0 11.0 36.0 15.0 0.0 0 1 6 2 2
-6429.6 8534.0 -76.6 65 0 11.4 36.4 15.0 0.0 0 1 6 3 3
-6452.6 8480.2 -76.0 65 0 11.4 36.4 15.0 0.0 0 1 6 5 5
-6542.6 8576.0 -76.8 245 0 11.4 36.4 15.0 0.0 0 1 6 3 3
-6512.3 8585.3 -76.9 245 0 11.4 36.4 15.0 0.0 0 1 6 0 0
-6429.7 8645.6 -77.9 335 0 36.4 11.4 15.0 0.0 0 0 6 0 0
-6394.8 8674.4 -78.0 335 0 36.4 11.4 15.0 0.0 0 0 6 5 5
-6388.5 8632.3 -77.5 335 0 36.4 11.4 15.0 0.0 0 0 6 4 4
-6417.3 8596.5 -77.1 338 0 35.9 10.4 15.0 0.0 0 0 6 1 1
-6369.1 8588.7 -77.0 344 0 37.4 10.9 15.0 0.0 0 0 6 5 5
-6359.8 8521.6 -76.5 80 0 10.9 37.4 15.0 0.0 0 1 6 1 1
-6387.3 8570.3 -76.7 341 0 10.3 37.1 15.0 0.0 0 1 6 2 2
-6398.0 8539.5 -76.6 73 0 31.4 15.3 5.0 2.5 2 0 2 4 4
-6382.2 8505.3 -76.1 67 0 20.6 9.3 7.5 0.0 0 0 3 0 0
-6415.8 8504.5 -76.2 65 0 11.5 20.1 15.0 0.0 0 1 6 4 4
-6442.2 8511.5 -76.2 63 0 18.5 9.6 7.5 0.0 0 0 3 3 3
-6431.0 8489.1 -75.9 67 0 21.0 9.4 7.5 0.0 0 0 3 0 0
-6421.7 8684.6 -78.2 335 0 12.6 26.9 15.0 0.0 0 1 6 1 1
-6543.8 8600.1 -77.3 201 0 36.7 10.6 15.0 0.0 0 0 6 0 0
-6529.5 8638.3 -77.7 201 0 36.8 10.6 15.0 0.0 0 0 6 3 3
-6483.2 8489.0 -76.0 65 0 27.5 10.7 15.0 0.0 0 0 6 0 0
-6526.4 8524.0 -76.4 152 0 19.9 11.4 15.0 0.0 0 0 6 5 5
-6503.1 8532.4 -76.6 159 0 13.3 9.0 7.5 0.0 0 0 3 1 1
-6469.6 8524.5 -76.7 86 0 9.8 39.2 7.5 0.0 0 1 3 3 3
-6334.9 8548.5 -76.5 343 0 6.1 18.4 2.5 2.5 2 1 1 5 5
-6498.4 8679.0 -78.0 161 0 6.3 19.2 2.5 2.5 2 1 1 2 2
-6464.5 8693.8 -78.1 248 0 10.5 22.1 2.5 2.5 2 1 1 4 4
-6439.7 8701.0 -78.3 254 0 12.7 11.3 2.5 2.5 2 0 1 5 5
-6440.1 8719.3 -78.4 255 0 6.3 17.4 2.5 2.5 2 1 1 2 2
-6428.7 8721.2 -78.5 257 0 10.0 16.0 2.5 2.5 4 1 1 3 3
-6411.5 8703.5 -78.4 346 0 9.8 6.3 2.5 2.5 4 0 1 3 3
-6419.1 8721.0 -78.5 256 0 6.8 13.2 2.5 2.5 2 1 1 3 3
-6397.4 8715.3 -78.4 347 0 5.1 13.9 2.5 0.0 0 1 1 1 1
-6395.8 8704.6 -78.3 347 0 14.4 6.1 2.5 2.5 2 0 1 3 3
-6404.4 8705.8 -78.4 345 0 8.6 6.2 2.5 2.5 2 0 1 4 4
-6375.9 8622.3 -77.3 335 0 12.9 5.7 2.5 2.5 2 0 1 1 1
-6381.1 8633.1 -77.4 334 0 11.0 5.5 2.5 2.5 2 0 1 3 3
-6352.1 8584.0 -76.9 338 0 5.4 8.9 2.5 2.5 4 1 1 1 1
-6348.3 8575.5 -76.8 337 0 9.7 11.1 2.5 2.5 2 1 1 4 4
-6344.4 8581.9 -76.9 334 0 19.3 4.8 2.5 2.5 2 0 1 4 4
-6333.3 8583.1 -76.9 334 0 15.3 9.3 2.5 2.5 2 0 1 5 5
-6326.3 8586.1 -76.9 333 0 15.3 6.1 2.5 2.5 2 0 1 1 1
-6326.2 8570.3 -76.7 333 0 6.2 11.9 5.0 2.5 4 1 2 0 0
-6411.7 8487.9 -75.9 71 0 8.0 9.8 2.5 0.0 0 1 1 2 2
-6445.5 8429.1 -75.2 258 0 11.4 7.1 2.5 0.0 0 0 1 3 3
-6447.3 8419.9 -75.1 257 0 4.4 8.7 2.5 2.5 4 1 1 2 2
-6438.7 8415.3 -75.1 249 0 9.5 4.3 2.5 2.5 2 0 1 4 4
-6463.2 8359.9 -74.5 73 0 11.6 6.4 5.0 2.5 2 0 2 2 2
-6490.2 8362.6 -74.6 62 0 9.2 17.8 2.5 2.5 2 1 1 0 0
-6509.2 8336.1 -74.4 65 0 9.8 21.5 2.5 0.0 0 1 1 2 2
-6528.4 8372.3 -74.6 157 0 4.8 8.3 2.5 2.5 2 1 1 5 5
-6536.7 8398.8 -74.9 245 0 7.6 23.8 2.5 2.5 2 0 1 2 2
-6545.2 8362.0 -74.5 153 0 8.1 7.1 2.5 2.5 2 0 1 4 4
-6547.9 8376.2 -74.7 153 0 18.6 7.8 2.5 2.5 2 0 1 4 4
-6555.8 8399.3 -75.0 241 0 7.5 14.4 2.5 2.5 4 1 1 5 5
-6555.2 8425.4 -75.4 71 0 19.8 15.0 5.0 2.5 2 0 2 3 3
-6530.9 8459.8 -75.7 86 0 7.0 4.9 2.5 2.5 4 0 1 1 1
-6557.5 8492.8 -76.1 158 0 5.3 28.1 2.5 2.5 2 1 1 3 3
-6560.0 8501.9 -76.2 158 0 10.6 32.0 2.5 2.5 2 1 1 4 4
-6563.7 8513.9 -76.3 158 0 10.1 30.0 2.5 2.5 2 1 1 3 3
-6565.4 8525.9 -76.4 158 0 10.3 27.3 2.5 2.5 2 1 1 2 2
-6316.7 8472.7 -75.8 71 0 16.3 13.9 5.0 2.5 2 0 2 2 2
-6283.0 8460.4 -75.6 261 0 14.0 6.4 2.5 2.5 2 0 1 4 4
-6292.8 8498.8 -76.1 76 0 27.3 11.3 5.0 2.5 4 0 2 4 4
-6140.6 8515.2 -76.1 81 0 15.6 7.9 2.5 2.5 2 0 1 3 3
-6136.2 8533.8 -76.3 280 0 9.6 4.8 2.5 2.5 2 0 1 3 3
-6692.7 8365.0 -74.6 270 0 7.2 16.5 2.5 2.5 4 1 1 2 2
-6693.0 8343.1 -74.3 254 0 6.5 11.0 2.5 2.5 2 1 1 1 1
-6666.7 8376.1 -74.7 265 0 11.7 5.6 2.5 2.5 2 0 1 5 5
-6646.5 8342.8 -74.4 89 0 4.3 10.7 2.5 2.5 2 1 1 1 1
-6696.9 8279.5 -73.8 90 0 6.2 14.4 5.0 2.5 2 1 2 4 4
-6724.5 8274.7 -73.9 87 0 9.3 27.7 2.5 2.5 2 1 1 3 3
-6757.5 8369.2 -74.6 255 0 7.9 12.7 2.5 2.5 4 1 1 1 1
-6734.3 8388.9 -74.9 88 0 8.0 6.5 2.5 2.5 2 0 1 3 3
-6784.2 8380.6 -75.3 85 0 13.2 7.3 2.5 2.5 2 0 1 0 0
-6769.3 8383.0 -75.0 85 0 13.6 6.8 2.5 0.0 0 0 1 2 2
-6639.3 8522.3 -76.5 1 0 44.8 9.1 2.5 2.5 2 0 1 5 5
-6662.2 8500.3 -76.5 91 0 9.1 44.8 2.5 2.5 2 1 1 3 3
-6660.9 8492.6 -76.0 90 0 17.0 5.2 2.5 2.5 2 0 1 5 5
-6665.6 8575.2 -76.9 182 0 12.1 7.3 2.5 2.5 2 0 1 3 3
-6648.1 8597.5 -77.1 8 0 5.3 13.6 2.5 2.5 2 1 1 3 3
-6683.2 8617.1 -77.3 287 0 4.4 15.3 2.5 2.5 4 1 1 5 5
-6637.5 8573.0 -76.9 2 0 27.7 4.8 2.5 2.5 2 0 1 5 5
-6860.6 8370.1 -74.5 69 0 16.1 9.2 2.5 2.5 2 0 1 1 1
-6858.8 8359.1 -74.4 72 0 19.1 8.9 2.5 2.5 2 0 1 3 3
-6873.9 8354.8 -74.5 72 0 11.7 10.0 2.5 2.5 2 0 1 0 0
-6930.7 8313.9 -74.7 73 0 10.7 5.4 2.5 2.5 2 0 1 1 1
-6507.1 8730.1 -78.5 292 0 6.3 11.7 2.5 2.5 2 1 1 4 4
-6918.8 8227.3 -73.3 162 0 9.0 20.6 5.0 0.0 0 1 2 4 4
-6910.9 8246.8 -73.5 162 0 7.3 13.1 5.0 2.5 2 1 2 2 2
-6913.4 8256.0 -73.6 161 0 9.1 4.3 2.5 2.5 2 0 1 0 0
-6888.2 8237.7 -73.2 342 0 6.8 10.0 2.5 2.5 2 1 1 3 3
-6909.3 8219.6 -73.1 164 0 9.1 4.3 2.5 2.5 2 0 1 0 0
-6893.2 8220.1 -73.1 74 0 4.3 9.1 2.5 2.5 2 1 1 4 4
-6922.0 8216.5 -73.2 164 0 9.1 4.3 2.5 2.5 2 0 1 3 3
-6929.2 8214.0 -73.3 164 0 9.1 4.3 2.5 2.5 2 0 1 0 0
-2286.0 -2425.5 50.3 264 0 25.4 21.4 10.0 2.5 2 0 4 5 5
-3050.9 -3063.8 70.1 46 0 27.2 13.0 15.0 0.0 0 0 6 1 1
-3075.4 -3083.9 68.7 49 0 28.3 13.1 12.5 2.5 2 0 5 3 3
-3121.4 -3116.6 65.9 53 0 18.7 12.9 10.0 2.5 2 0 4 5 5
-3144.9 -3129.3 65.3 55 0 28.1 10.8 12.5 2.5 2 0 5 1 1
-3167.7 -3142.3 63.2 63 0 18.3 12.2 5.0 2.5 2 0 2 0 0
-3206.4 -3159.2 63.8 78 0 17.6 12.1 7.5 2.5 2 0 3 3 3
-3186.8 -3151.3 63.3 68 0 17.6 12.3 5.0 2.5 2 0 2 2 2
-3039.3 -3060.9 77.4 227 0 19.0 15.3 15.0 0.0 0 0 6 2 2
-3052.1 -3074.3 77.7 226 0 18.3 15.3 10.0 2.5 2 0 4 4 4
-3066.6 -3087.8 77.3 229 0 17.4 13.8 5.0 0.0 0 0 2 5 5
-3081.7 -3099.3 76.3 234 0 18.1 14.5 12.5 2.5 2 0 5 3 3
-3113.2 -3117.2 73.7 240 0 15.4 11.9 2.5 0.0 0 0 1 5 5
-3142.6 -3136.1 72.0 241 0 33.6 13.4 12.5 2.5 2 0 5 0 0
-3180.5 -3156.7 69.7 248 0 17.8 14.0 10.0 2.5 2 0 4 2 2
-414.3 -2328.1 17.2 66 0 16.3 40.6 12.5 2.5 2 1 5 5 5
-390.0 -2263.9 15.7 342 0 14.7 37.3 12.5 2.5 2 1 5 4 4
4417.4 6694.6 -84.2 112 0 72.8 70.0 14.0 0.0 0 0 4 3 3
4415.8 6661.9 -80.6 22 0 19.4 14.1 14.0 3.5 4 0 4 2 2
4404.7 6636.5 -80.3 23 0 19.5 13.6 14.0 0.0 0 0 4 5 5
4388.8 6605.6 -79.3 23 0 11.1 12.9 14.0 3.5 2 1 4 5 5
4377.0 6581.8 -79.4 22 0 10.3 13.2 14.0 3.5 4 1 4 3 3
4365.6 6551.9 -79.2 90 0 13.4 19.4 14.0 3.5 2 1 4 4 4
4358.2 6541.6 -79.1 293 1 17.9 13.0 14.0 3.5 2 0 4 0 0
4387.3 6531.7 -79.1 309 0 9.4 11.9 10.5 3.5 2 1 3 4 4
4405.5 6521.5 -78.9 291 0 9.8 13.7 10.5 3.5 4 1 3 0 0
4436.3 6504.0 -78.7 287 0 26.5 17.5 14.0 3.5 2 0 4 1 1
4450.8 6523.7 -78.7 203 0 13.0 16.0 14.0 3.5 2 1 4 5 5
4460.6 6545.1 -78.7 203 0 25.9 15.7 14.0 3.5 2 0 4 5 5
4481.4 6575.6 -78.9 290 0 19.2 14.7 3.5 3.5 2 0 1 2 2
4488.6 6605.3 -79.5 232 0 19.5 12.9 3.5 3.5 2 0 1 1 1
4499.3 6627.6 -80.1 204 0 19.3 13.1 3.5 3.5 2 0 1 5 5
4473.9 6599.5 -78.8 353 0 11.9 17.5 2.5 2.5 2 1 1 0 0
4460.2 6571.5 -79.0 344 0 14.1 19.1 2.5 2.5 2 1 1 3 3
4427.1 6550.9 -78.7 200 0 19.6 13.5 2.5 2.5 2 0 1 0 0
4438.9 6612.4 -79.2 291 0 18.6 17.3 2.5 2.5 2 0 1 5 5
4699.5 6526.7 -77.1 133 0 10.1 8.5 10.5 3.5 2 0 3 5 5
4660.5 6489.9 -77.9 117 0 7.4 7.9 3.5 0.0 0 1 1 0 0
4527.2 6612.1 -80.0 111 0 20.0 12.9 3.5 3.5 2 0 1 3 3
