-1956.6 9932.7 -298.2 73 0 35.4 19.0 7.5 0.0 0 0 3 5 5
-3169.6 10950.9 -278.7 16 0 11.8 29.6 12.5 2.5 2 1 5 2 2
-3291.0 11014.4 -267.2 210 0 12.9 20.6 10.0 2.5 2 1 4 4 4
-3253.6 10961.2 -276.1 35 0 15.4 15.8 5.0 0.0 0 1 2 1 1
-3266.0 10943.2 -285.8 35 0 16.1 48.5 10.0 0.0 0 1 4 4 4
-3367.9 10974.8 -306.0 235 0 17.0 49.4 10.0 2.5 2 1 4 0 0
-3313.9 10940.1 -298.7 57 0 13.8 47.1 12.5 2.5 2 1 5 5 5
-3237.7 10927.2 -280.3 121 0 10.3 22.9 5.0 2.5 2 1 2 2 2
6510.8 10623.8 -382.4 89 0 28.0 15.0 10.0 2.5 2 0 4 5 5
-3227.3 10929.9 -281.7 211 0 17.2 9.8 7.5 2.5 2 0 3 4 4
-5153.6 11393.4 -322.0 298 0 15.4 52.7 14.0 3.5 2 1 4 4 4
-3231.1 10976.1 -275.2 212 0 16.8 29.7 12.5 2.5 2 1 5 1 1
-3247.6 10987.6 -270.3 34 0 16.2 28.0 10.0 2.5 2 1 4 1 1
-3270.2 10972.1 -275.7 34 0 16.0 40.5 12.5 2.5 2 1 5 2 2
59.1 -1181.8 341.0 120 0 6.1 10.1 5.0 2.5 2 1 2 1 1
-89.8 -1087.3 372.8 274 0 13.5 10.1 2.5 2.5 2 0 1 4 4
2202.6 8245.8 -372.1 298 0 11.9 9.5 5.0 2.5 2 0 2 4 4
2139.0 8269.6 -372.5 208 0 9.9 27.6 7.5 2.5 4 1 3 0 0
2126.6 8233.1 -376.4 206 0 9.3 22.8 7.5 2.5 2 0 3 4 4
2220.9 8190.0 -378.5 115 0 21.6 8.9 7.5 2.5 2 0 3 2 2
