1854.3 1331.1 -62.2 211 0 17.2 20.3 14.0 3.5 2 1 4 1 1
1885.6 1245.1 -61.9 94 0 18.1 13.5 14.0 3.5 2 0 4 4 4
1942.7 1274.3 -54.3 195 0 14.2 16.2 10.5 0.0 0 1 3 0 0
1845.5 1444.1 -68.8 237 0 14.4 18.7 10.5 3.5 2 1 3 5 5
1908.3 1510.1 -73.9 69 0 15.1 16.7 10.5 3.5 2 1 3 2 2
1848.1 1469.6 -73.5 25 0 16.1 13.6 10.5 3.5 2 0 3 5 5
1837.2 1527.1 -78.2 336 0 12.5 8.2 10.5 3.5 2 0 3 4 4
1861.0 1651.1 -97.0 340 0 19.8 12.4 10.0 2.5 2 0 4 4 4
1802.0 1406.4 -72.6 37 0 20.0 14.2 10.5 3.5 4 0 3 1 1
1812.4 1428.4 -71.3 19 0 14.8 11.5 10.5 3.5 2 0 3 1 1
1754.3 1335.1 -74.5 36 0 11.0 12.7 10.5 3.5 2 1 3 2 2
322.6 632.2 11.7 2 0 22.5 18.3 10.0 2.5 2 0 4 1 1
343.1 476.3 4.9 350 0 24.4 16.0 10.0 2.5 2 0 4 4 4
265.9 498.3 10.2 289 0 14.2 16.8 5.0 2.5 2 1 2 4 4
283.3 403.5 4.3 289 0 19.9 19.6 12.5 0.0 0 0 5 0 0
327.0 384.3 -0.6 31 0 15.1 25.4 10.0 2.5 2 1 4 4 4
238.3 324.9 2.8 24 0 19.1 20.5 12.5 2.5 2 1 5 2 2
233.6 359.3 3.8 206 0 22.7 19.5 12.5 2.5 2 0 5 3 3
122.2 120.6 19.4 207 0 10.6 18.5 10.0 0.0 0 1 4 0 0
77.2 -5.0 23.5 109 0 16.6 16.2 10.0 2.5 2 0 4 0 0
-1124.8 -332.2 91.3 295 0 13.6 18.3 10.0 2.5 2 1 4 2 2
-1253.2 -274.3 96.4 201 0 15.2 18.8 10.0 2.5 2 1 4 2 2
