5187.8 -6625.5 -33.3 148 0 30.3 9.9 10.5 3.5 2 0 3 3 3
2959.2 -3345.5 -348.5 8 0 23.2 8.6 5.0 2.5 2 0 2 0 0
5882.7 -7057.6 -51.7 85 0 10.4 27.3 10.5 3.5 2 1 3 3 3
5220.6 -6601.7 -36.5 331 0 27.2 10.2 10.5 3.5 2 0 3 2 2
5217.3 -6663.6 -39.1 58 0 11.5 31.2 10.5 0.0 0 1 3 5 5
5748.2 -6704.9 2.9 47 0 10.9 21.6 10.5 3.5 2 1 3 5 5
6027.1 -917.7 -386.3 233 0 20.5 105.5 12.5 0.0 0 1 5 3 3
6565.9 -6569.1 269.2 234 0 25.6 14.9 10.0 2.5 2 0 4 5 5
6107.2 -1068.1 -378.2 69 0 33.7 47.3 10.0 0.0 0 1 4 1 1
2954.3 -3377.1 -349.7 7 0 36.6 12.3 10.0 2.5 2 0 4 3 3
6612.1 -6598.1 273.8 40 0 8.4 36.1 7.5 2.5 2 1 3 1 1
5247.9 -6660.2 -45.1 59 0 10.1 22.5 10.5 3.5 4 1 3 4 4
5232.6 -6623.0 -40.1 329 0 19.9 9.9 10.5 3.5 2 0 3 4 4
5190.4 -6593.8 -30.5 238 0 20.5 9.6 10.5 3.5 2 0 3 0 0
5906.4 -7013.5 -47.8 281 0 13.6 23.1 10.5 3.5 2 1 3 3 3
5852.6 -7014.0 -59.8 261 0 11.3 21.9 10.5 3.5 2 1 3 4 4
5779.2 -6715.6 11.9 97 0 15.6 14.3 10.5 3.5 2 0 3 4 4
1780.6 -9319.8 -204.2 41 0 21.6 11.7 10.0 2.5 2 0 4 5 5
1744.0 7794.6 -428.2 357 0 9.0 23.4 7.5 2.5 2 1 3 0 0
1835.6 7796.8 -437.7 88 0 8.9 5.0 5.0 2.5 2 0 2 0 0
1570.2 7688.0 -430.3 53 0 6.2 8.9 2.5 2.5 2 1 1 5 5
1493.2 7843.8 -447.8 81 0 17.6 30.4 12.5 2.5 2 0 5 3 3
1477.7 7899.6 -451.8 265 0 15.9 26.7 12.5 2.5 2 0 5 1 1
1540.4 7859.6 -453.8 76 0 24.0 51.6 12.5 2.5 2 1 5 3 3
1718.7 8068.4 -462.7 45 0 39.1 15.7 12.5 2.5 2 0 5 1 1
1393.8 7913.8 -459.8 249 0 22.5 47.3 10.0 2.5 2 1 4 0 0
1421.1 7917.0 -458.8 160 0 17.2 43.7 7.5 2.5 2 1 3 2 2
1495.4 7916.2 -457.0 78 0 37.9 16.3 12.5 2.5 2 0 5 3 3
1544.1 7929.3 -463.1 74 0 17.9 24.1 10.0 2.5 2 1 4 2 2
1582.6 7950.4 -464.2 77 0 31.3 11.5 12.5 2.5 4 0 5 1 1
1574.3 7985.3 -464.2 253 0 28.7 10.9 10.0 2.5 2 0 4 3 3
1527.5 7971.4 -463.8 257 0 34.5 12.5 10.0 2.5 2 0 4 2 2
1390.9 8016.2 -459.9 74 0 14.6 56.5 10.0 2.5 2 1 4 2 2
1394.7 8003.9 -461.9 258 0 23.2 37.4 10.0 0.0 0 1 4 3 3
1420.7 8019.0 -461.5 254 0 19.5 28.6 12.5 2.5 4 1 5 2 2
1460.3 8033.9 -461.7 242 0 47.1 17.4 12.5 2.5 2 0 5 3 3
1503.3 8054.7 -461.9 243 0 38.3 18.1 12.5 2.5 2 0 5 2 2
1593.1 8061.4 -462.0 65 0 16.0 34.2 10.0 2.5 2 1 4 0 0
1483.6 7990.7 -463.0 70 0 43.5 18.8 7.5 0.0 0 0 3 3 3
1550.5 8122.1 -457.6 194 0 14.6 30.4 10.0 2.5 2 1 4 0 0
2146.6 7841.3 -454.6 322 0 14.0 14.1 7.5 0.0 0 1 3 5 5
2037.9 8048.8 -458.0 63 0 5.9 6.2 7.5 2.5 2 1 3 4 4
2144.5 8041.7 -469.1 9 0 12.2 20.7 10.0 0.0 0 1 4 0 0
2151.1 8069.0 -469.8 150 0 6.1 10.3 5.0 2.5 2 1 2 2 2
1979.0 7681.6 -447.2 268 0 14.6 25.7 12.5 2.5 4 1 5 1 1
2007.0 7698.2 -446.8 269 0 20.6 12.5 10.0 2.5 2 0 4 5 5
1771.6 7801.9 -425.6 124 0 5.5 7.3 7.5 2.5 2 1 3 0 0
2025.6 7668.6 -448.3 352 0 14.2 27.5 12.5 2.5 2 1 5 5 5
6437.1 -1219.2 -305.8 26 0 8.7 14.8 5.0 0.0 0 1 2 0 0
5902.0 -1671.1 -375.2 62 0 16.1 12.6 17.5 0.0 0 0 5 0 0
5997.3 -1620.7 -373.3 143 0 15.7 27.3 17.5 3.5 2 1 5 1 1
5986.8 -1605.2 -365.2 144 0 11.0 26.8 17.5 3.5 2 1 5 1 1
6877.7 -1355.0 -421.4 326 0 21.6 15.6 14.0 3.5 4 0 4 0 0
6849.9 -1358.5 -421.1 244 0 11.6 22.6 14.0 3.5 2 1 4 4 4
6607.2 -1134.9 -377.3 77 0 21.7 26.9 10.0 0.0 0 1 4 1 1
6243.8 -2783.8 -401.3 271 0 16.7 18.1 14.0 3.5 4 1 4 1 1
-6855.5 -2281.5 460.2 92 0 10.4 14.1 5.0 2.5 2 1 2 1 1
-5517.8 4268.0 129.6 168 0 11.7 12.0 7.5 2.5 2 1 3 3 3
-561.3 -888.0 -179.4 351 0 8.2 15.2 7.5 2.5 2 1 3 5 5
3752.9 -3925.8 -314.3 179 0 22.9 17.6 14.0 3.5 2 0 4 0 0
3744.4 -3902.2 -313.5 151 0 22.4 17.0 14.0 3.5 2 0 4 4 4
627.4 -8345.6 -243.1 86 0 28.3 7.9 7.5 2.5 2 0 3 1 1
586.4 -8341.9 -242.9 95 0 37.0 15.5 10.0 0.0 0 0 4 3 3
-1051.5 -11301.2 157.0 303 0 6.5 13.2 2.5 2.5 2 1 1 5 5
-1109.9 -11311.6 169.3 113 0 8.0 18.4 2.5 2.5 2 1 1 2 2
5546.2 -737.4 -389.7 36 0 7.9 5.9 10.5 3.5 2 0 3 2 2
5354.3 -1115.2 -335.0 84 0 76.3 25.9 14.0 0.0 0 0 4 1 1
5397.2 -1006.5 -360.7 227 0 48.1 26.4 14.0 0.0 0 0 4 4 4
6675.4 -250.4 -427.0 59 0 39.8 118.8 17.5 0.0 0 1 5 4 4
5281.8 -1091.7 -340.3 179 0 14.3 21.2 14.0 3.5 2 1 4 5 5
5259.8 -452.7 -280.7 358 0 8.7 5.3 10.5 3.5 4 0 3 5 5
