2922.6 6872.4 -29.4 331 0 70.1 21.8 10.0 2.5 2 0 4 5 5
3519.6 6350.0 10.6 357 0 26.4 12.8 14.0 3.5 2 0 4 4 4
3550.6 6356.4 9.5 355 0 26.2 11.1 14.0 3.5 2 0 4 4 4
2856.9 6811.4 -29.1 82 0 23.8 69.7 7.5 0.0 0 1 3 3 3
3418.0 6335.2 8.6 87 0 12.1 28.4 14.0 3.5 2 1 4 1 1
3482.9 6331.4 11.0 85 0 13.1 26.6 14.0 3.5 2 1 4 3 3
3450.3 6330.2 10.1 85 0 12.2 28.5 14.0 3.5 2 1 4 3 3
3468.3 6273.5 17.5 74 0 13.9 27.3 14.0 3.5 2 1 4 1 1
3499.8 6281.2 14.2 74 0 14.5 26.5 14.0 3.5 2 1 4 0 0
3527.6 6291.1 12.0 69 0 13.0 24.9 14.0 3.5 2 1 4 0 0
2702.7 6845.8 -28.6 126 0 19.1 66.1 7.5 2.5 2 1 3 5 5
2778.6 6815.8 -28.8 103 0 23.9 66.4 10.0 2.5 2 1 4 3 3
3395.9 6411.9 1.9 267 0 10.3 27.3 14.0 3.5 2 1 4 2 2
3293.1 6380.6 4.3 264 0 12.5 27.3 14.0 0.0 0 1 4 3 3
3508.2 6404.1 3.0 356 0 26.3 12.8 14.0 3.5 2 0 4 3 3
3426.3 6460.3 -3.3 265 0 11.3 27.2 14.0 3.5 2 1 4 3 3
3293.4 6462.8 -7.2 265 0 13.6 27.4 14.0 3.5 2 1 4 5 5
3261.4 6390.7 2.3 266 0 14.0 27.7 14.0 3.5 2 1 4 0 0
3362.2 6384.2 1.3 88 0 9.8 25.5 10.5 3.5 2 1 3 5 5
3542.9 6409.0 2.2 355 0 27.5 11.8 14.0 3.5 2 0 4 5 5
3495.6 6462.4 -3.4 266 0 12.9 26.7 14.0 3.5 2 1 4 5 5
3461.4 6461.5 -2.6 266 0 12.4 27.4 14.0 3.5 2 1 4 0 0
3536.9 6451.8 -4.2 356 0 25.5 12.2 14.0 3.5 2 0 4 0 0
2493.2 -7458.2 19.3 53 0 74.2 50.0 10.0 0.0 0 0 4 3 3
2303.4 -7676.2 19.7 233 0 82.5 29.4 12.5 0.0 0 0 5 5 5
2537.1 -7312.3 18.9 322 0 49.4 72.4 7.5 0.0 0 1 3 2 2
2249.3 -7735.0 19.8 325 0 40.9 11.6 7.5 2.5 2 0 3 0 0
2589.1 -7464.5 18.4 142 0 44.5 42.2 10.0 0.0 0 0 4 1 1
2287.6 -7649.9 19.7 232 0 72.4 16.6 15.0 2.5 2 0 6 1 1
2424.5 -7368.9 19.5 232 0 75.0 51.4 10.0 0.0 0 0 4 1 1
2576.7 -7363.8 18.7 323 0 48.1 76.0 10.0 0.0 0 1 4 4 4
1728.3 -7462.7 20.4 324 0 26.3 14.0 7.5 0.0 0 0 3 3 3
2235.1 -7656.3 19.8 142 0 30.1 83.0 10.0 0.0 0 1 4 1 1
2644.5 -7207.5 17.0 233 0 99.5 185.8 12.5 0.0 0 1 5 3 3
2481.2 6140.3 8.4 305 0 20.0 44.5 21.0 3.5 4 1 6 1 1
2513.8 6122.6 7.9 294 0 21.8 45.1 21.0 3.5 4 1 6 2 2
2549.6 6115.5 5.2 273 0 21.1 46.6 21.0 3.5 2 1 6 3 3
2584.2 6114.5 3.2 262 0 15.1 44.9 21.0 3.5 2 1 6 1 1
2447.1 6175.9 7.0 336 0 19.0 51.8 21.0 3.5 2 1 6 0 0
