356.2 11185.6 5.5 232 0 34.3 14.3 17.5 3.5 2 0 5 1 1
-606.9 10162.6 -5.7 203 0 17.6 14.8 14.0 3.5 2 0 4 2 2
355.3 11204.4 6.4 52 0 32.2 12.7 14.0 3.5 2 0 4 2 2
274.0 11366.7 -1.0 232 0 109.2 26.8 17.5 0.0 0 0 5 1 1
60.2 11154.1 1.4 233 0 83.7 14.1 10.0 2.5 2 0 4 3 3
908.4 11480.6 15.4 232 0 75.9 22.2 10.0 0.0 0 0 4 4 4
2199.7 11201.5 -29.5 235 0 49.2 33.3 14.0 0.0 0 0 4 5 5
2512.4 11130.7 -38.8 60 0 73.6 49.8 14.0 0.0 0 0 4 2 2
1906.5 10942.5 -27.3 80 0 50.5 60.8 15.0 0.0 0 1 6 4 4
1730.5 10736.6 -24.1 34 0 49.5 101.9 17.5 0.0 0 1 5 5 5
2386.9 11073.9 -38.1 59 0 56.3 104.3 14.0 0.0 0 1 4 4 4
1559.7 10583.0 -19.9 125 0 16.4 35.5 14.0 3.5 2 1 4 0 0
2448.5 11093.1 -38.7 60 0 52.8 110.5 14.0 0.0 0 1 4 5 5
1552.1 10509.9 -20.2 130 0 25.7 49.7 14.0 0.0 0 1 4 4 4
1525.3 10534.3 -19.4 128 0 28.4 47.6 14.0 0.0 0 1 4 2 2
1519.5 10567.9 -18.5 39 0 47.6 26.1 14.0 0.0 0 0 4 5 5
2218.1 11081.5 -36.2 150 0 47.7 97.9 14.0 0.0 0 1 4 0 0
1603.7 10595.6 -20.7 307 0 18.2 38.9 14.0 3.5 2 1 4 1 1
3.4 11665.0 -11.1 103 0 11.3 27.2 17.5 0.0 0 1 7 2 2
-258.3 9545.0 18.7 357 0 14.4 31.4 14.0 3.5 2 1 4 0 0
5112.9 7936.5 -41.3 312 0 52.8 42.0 10.0 0.0 0 0 4 0 0
-4105.5 -1204.3 -6.8 144 0 132.4 111.7 12.5 0.0 0 0 5 5 5
-5556.9 -2334.1 1.2 314 0 60.1 309.9 10.0 0.0 0 1 4 4 4
-4129.2 -899.4 -7.3 235 0 321.6 182.9 7.5 0.0 0 0 3 1 1
-5684.2 -2637.7 2.1 134 0 24.5 199.0 10.0 0.0 0 1 4 2 2
-2616.9 8539.5 -29.4 345 0 190.8 67.0 17.5 0.0 0 0 5 2 2
6265.0 -8640.3 17.2 356 0 70.5 263.1 7.5 0.0 0 1 3 4 4
6073.6 -8797.1 18.2 100 0 348.2 71.2 12.5 0.0 0 0 5 1 1
-5677.1 10135.1 -39.1 179 0 123.6 174.4 17.5 0.0 0 1 5 5 5
-1849.7 8872.7 -40.1 328 0 157.2 333.6 14.0 0.0 0 1 4 2 2
-5597.5 10926.6 -40.7 268 0 73.9 138.1 14.0 0.0 0 1 4 1 1
-3211.6 8881.9 -0.5 93 0 16.3 99.3 15.0 0.0 0 1 6 5 5
-3248.3 8892.5 4.9 152 0 12.4 8.7 7.5 0.0 0 0 3 5 5
-3249.7 8932.9 1.9 180 0 50.9 13.6 15.0 2.5 4 0 6 2 2
-3247.1 8984.4 0.6 185 0 37.1 13.5 15.0 0.0 0 0 6 4 4
-3231.6 9034.5 -1.1 210 0 40.4 14.6 15.0 0.0 0 0 6 3 3
-3214.7 9057.6 -4.1 209 0 10.8 32.3 15.0 0.0 0 1 6 2 2
-3193.4 9081.7 -5.2 266 0 18.4 12.2 15.0 0.0 0 0 6 0 0
-3619.3 8637.9 17.0 93 0 12.4 47.4 21.0 0.0 0 1 6 0 0
-3582.4 8707.1 14.1 274 0 12.4 47.4 21.0 0.0 0 1 6 5 5
-3550.6 8705.4 10.8 274 0 12.4 47.4 21.0 0.0 0 1 6 3 3
-3555.8 8597.7 9.6 93 0 12.4 47.4 21.0 0.0 0 1 6 2 2
-3519.2 8700.0 7.6 273 0 12.4 47.4 21.0 0.0 0 1 6 0 0
-3516.8 8617.8 6.4 3 0 47.4 12.4 21.0 0.0 0 0 6 0 0
-1710.0 -790.4 -6.8 87 0 153.2 176.7 10.0 0.0 0 1 4 2 2
946.1 11756.6 3.9 197 0 104.0 171.8 14.0 0.0 0 1 4 1 1
-1499.7 3674.7 -16.8 334 0 309.5 50.3 7.5 0.0 0 0 3 5 5
-3222.7 11192.7 -38.1 270 0 22.6 38.2 17.5 0.0 0 1 5 2 2
-3228.1 11102.3 -38.3 179 0 21.9 29.3 17.5 0.0 0 1 5 1 1
-4446.0 10338.3 -36.3 181 0 55.3 22.8 73.5 3.5 2 0 21 5 5
-4378.1 10345.2 -36.5 269 0 46.7 29.4 14.0 0.0 0 0 4 3 3
-4329.4 10394.1 -36.7 269 0 25.6 50.2 14.0 0.0 0 1 4 4 4
-5579.8 7047.7 28.0 316 0 48.1 19.5 12.5 0.0 0 0 5 5 5
-2434.0 11665.8 -35.7 270 0 101.7 127.8 17.5 0.0 0 1 5 3 3
-3116.2 10657.1 -38.0 359 0 100.1 67.5 14.0 0.0 0 0 4 4 4
