-4981.7 -1059.3 -29.1 330 0 32.7 312.9 10.0 0.0 0 1 4 1 1
2233.8 -11012.9 75.2 316 0 44.6 27.9 7.5 2.5 2 0 3 3 3
-6117.2 8563.1 -85.4 91 0 24.4 50.7 17.5 3.5 2 1 5 3 3
-6227.7 8583.1 -83.1 180 0 36.3 17.2 17.5 3.5 2 0 5 1 1
-6218.9 8363.7 -83.4 91 0 20.9 71.3 17.5 3.5 2 1 5 0 0
-5379.4 9489.4 -91.9 90 0 28.8 46.5 14.0 0.0 0 1 4 0 0
-5437.1 9588.6 -88.7 269 0 14.6 34.8 14.0 3.5 2 1 4 5 5
-5456.2 10032.8 -89.6 268 0 19.8 12.7 10.5 3.5 2 0 3 3 3
-5884.0 8322.7 -86.3 244 0 30.8 15.0 14.0 3.5 2 0 4 2 2
-5665.3 8715.2 -87.2 62 0 26.5 27.3 14.0 0.0 0 1 4 3 3
-5747.2 8665.1 -86.9 67 0 30.2 41.0 14.0 0.0 0 1 4 3 3
-5821.1 8627.5 -86.6 67 0 18.7 43.2 21.0 3.5 2 1 6 3 3
-5863.8 8655.0 -86.5 241 0 30.7 18.1 21.0 0.0 0 0 6 5 5
-6095.9 8671.9 -85.5 270 0 27.9 46.2 17.5 0.0 0 1 5 0 0
-6163.1 8469.5 -85.0 0 0 46.8 16.6 17.5 3.5 2 0 5 5 5
-4878.5 9113.5 -93.3 178 0 30.7 15.0 17.5 3.5 2 0 5 5 5
-4869.0 9174.3 -93.5 180 0 57.5 20.0 17.5 3.5 2 0 5 5 5
-4268.0 9719.1 -80.3 230 0 24.4 25.4 10.0 0.0 0 1 4 0 0
-5698.3 8568.0 -87.1 239 0 14.3 8.6 10.5 3.5 2 0 3 0 0
