-839.6 -8181.4 285.2 42 0 7.8 12.2 7.5 2.5 2 1 3 4 4
2380.3 -7560.2 -5.9 60 0 24.6 12.0 10.0 0.0 0 0 4 5 5
-287.9 -10437.7 -137.2 155 0 19.9 50.8 10.5 3.5 2 1 3 1 1
-404.9 -10518.6 -132.1 63 0 53.8 14.6 14.0 3.5 2 0 4 1 1
-376.0 -10497.8 -135.1 154 0 14.3 58.4 10.5 3.5 2 1 3 1 1
-387.3 -10473.2 -135.1 157 0 13.8 57.1 10.5 3.5 2 1 3 1 1
-4835.8 -2918.4 -6.5 235 0 8.6 16.0 2.5 2.5 2 1 1 3 3
-4441.7 -3522.9 192.2 63 0 8.0 24.8 2.5 2.5 2 1 1 0 0
-463.7 -10431.7 -127.8 248 0 20.1 51.2 14.0 3.5 2 1 4 1 1
-431.3 -10444.1 -129.8 158 0 44.6 17.7 10.5 3.5 2 0 3 5 5
-400.9 -10408.8 -131.9 248 0 17.5 44.0 10.5 3.5 2 1 3 2 2
-2193.7 -11219.7 170.6 356 0 9.6 16.5 7.5 2.5 2 1 3 3 3
-2277.9 8660.8 -292.2 181 0 83.6 45.6 10.0 0.0 0 0 4 5 5
-2872.7 8356.8 -289.5 274 0 8.5 39.9 7.5 0.0 0 1 3 5 5
-2878.8 8278.7 -289.8 94 0 8.7 32.3 7.5 2.5 2 1 3 1 1
-2855.3 8297.4 -289.7 33 0 24.9 8.9 5.0 2.5 2 0 2 2 2
-2840.2 8350.9 -289.4 285 0 8.7 33.5 7.5 2.5 2 1 3 1 1
-2970.7 8304.1 -290.0 273 0 10.2 32.6 15.0 0.0 0 1 6 5 5
-2959.5 8303.3 -290.0 273 0 8.4 32.2 7.5 2.5 2 1 3 0 0
-2947.7 8302.3 -290.0 273 0 9.4 31.9 7.5 2.5 2 1 3 3 3
-2936.5 8302.5 -290.0 273 0 8.1 32.5 7.5 0.0 0 1 3 0 0
-2924.6 8306.0 -290.0 272 0 8.1 36.4 7.5 2.5 2 1 3 3 3
-2913.9 8305.1 -290.0 272 0 8.4 35.9 7.5 2.5 2 1 3 1 1
-2900.8 8308.4 -289.9 273 0 8.6 39.7 7.5 2.5 2 1 3 1 1
-2889.7 8311.1 -289.9 273 0 8.5 42.9 7.5 2.5 2 1 3 3 3
-2853.3 8351.2 -289.4 285 0 8.6 35.5 7.5 2.5 2 1 3 2 2
-2993.1 8235.3 -290.5 183 0 20.6 62.1 10.0 2.5 2 1 4 2 2
-3079.4 8408.4 -290.3 277 0 10.4 62.3 7.5 2.5 2 1 3 1 1
-3113.5 8406.3 -290.2 264 0 10.0 44.5 7.5 2.5 4 1 3 1 1
-3140.5 8404.8 -290.1 263 0 9.6 45.7 5.0 2.5 2 1 2 0 0
-3161.3 8330.4 -289.9 85 0 10.2 64.2 7.5 2.5 2 1 3 5 5
-3216.7 8396.8 -289.9 175 0 9.2 36.4 7.5 2.5 4 1 3 1 1
-3225.1 8361.6 -289.6 174 0 46.1 9.4 7.5 0.0 0 0 3 3 3
-3190.5 8338.1 -289.7 83 0 9.1 43.6 7.5 2.5 2 1 3 2 2
-2812.8 9448.4 -296.4 89 0 14.9 64.5 10.0 2.5 2 1 4 2 2
-2821.1 9552.3 -296.9 180 0 62.2 14.4 10.0 2.5 4 0 4 0 0
-2792.6 9608.2 -297.1 270 0 38.6 17.3 7.5 2.5 2 0 3 2 2
-2789.9 9449.3 -296.4 89 0 14.7 63.6 7.5 2.5 2 1 3 2 2
-2797.4 9552.3 -296.8 180 0 61.4 14.3 5.0 0.0 0 0 2 5 5
-2765.3 9449.7 -297.0 89 0 14.5 62.9 5.0 2.5 2 1 2 4 4
-2765.7 9522.0 -297.1 90 0 16.2 61.0 7.5 0.0 0 1 3 3 3
-2740.4 9604.5 -297.7 270 0 15.8 62.6 7.5 0.0 0 1 3 5 5
-2713.4 9603.9 -298.1 270 0 14.9 61.7 7.5 2.5 2 1 3 4 4
-2689.5 9604.8 -298.2 270 0 14.4 61.6 10.0 2.5 2 1 4 2 2
-2657.4 9573.9 -298.2 359 0 60.1 14.9 7.5 0.0 0 0 3 0 0
-2811.5 5902.5 -274.3 245 0 13.9 39.0 10.0 2.5 2 1 4 0 0
-2775.9 5821.8 -273.8 66 0 13.1 40.4 7.5 2.5 4 1 3 2 2
-2751.5 5832.5 -274.2 66 0 12.6 41.0 10.0 2.5 2 1 4 1 1
-2777.9 5919.5 -275.2 246 0 37.5 40.9 10.0 0.0 0 1 4 4 4
-2729.7 5842.4 -274.6 66 0 13.3 40.1 7.5 2.5 2 1 3 2 2
-2741.7 5932.4 -275.6 245 0 15.3 37.3 10.0 2.5 2 1 4 0 0
-3707.6 4842.5 -270.3 208 0 82.1 117.6 12.5 0.0 0 1 5 0 0
-3094.6 6083.5 -277.7 243 0 12.8 61.3 10.0 2.5 4 1 4 4 4
-2958.7 6156.5 -278.4 65 0 35.8 16.9 5.0 2.5 2 0 2 3 3
-2931.5 6220.0 -278.9 246 0 36.9 30.1 10.0 0.0 0 0 4 2 2
-2906.7 6286.6 -281.3 154 0 15.2 96.2 12.5 2.5 2 1 5 5 5
-2843.1 6286.8 -280.3 334 0 16.0 42.3 7.5 2.5 2 1 3 2 2
-3067.8 6086.8 -277.7 243 0 11.9 35.5 7.5 2.5 2 1 3 3 3
-3024.4 5999.9 -277.0 64 0 11.3 53.0 10.0 2.5 4 1 4 4 4
-3045.6 6097.3 -277.7 243 0 11.4 34.7 7.5 0.0 0 1 3 4 4
-3010.1 6040.4 -277.1 332 0 45.8 12.0 7.5 2.5 2 0 3 0 0
