-5406.1 -5246.1 8.4 211 0 14.2 52.0 7.5 2.5 2 1 3 5 5
-1283.7 7263.3 -45.1 195 0 12.5 49.4 10.0 0.0 0 1 4 0 0
-1171.7 7244.0 -48.0 29 0 8.7 36.7 7.5 2.5 2 1 3 3 3
-1254.1 7316.3 -52.8 283 0 8.4 19.7 7.5 2.5 2 1 3 3 3
-1233.2 7313.2 -54.8 315 0 43.7 9.1 7.5 2.5 2 0 3 2 2
-1317.5 7381.6 -63.1 222 0 12.3 82.8 12.5 2.5 2 1 5 4 4
-1278.7 7376.3 -64.8 136 0 72.2 12.3 15.0 2.5 2 0 6 4 4
-1330.7 7459.9 -65.7 310 0 26.6 13.1 10.0 0.0 0 0 4 0 0
-1373.6 7444.6 -67.6 108 0 11.6 19.7 2.5 2.5 2 1 1 3 3
-1419.7 7459.3 -69.2 203 0 27.6 22.1 15.0 0.0 0 0 6 4 4
-1407.0 7489.8 -67.2 200 0 29.6 8.3 7.5 2.5 2 0 3 1 1
-1399.6 7509.8 -66.4 113 0 19.8 9.7 2.5 2.5 2 0 1 4 4
-1391.0 7486.3 -65.6 117 0 8.9 32.7 7.5 2.5 2 1 3 0 0
-1396.1 7542.0 -67.9 315 0 31.7 11.6 12.5 2.5 2 0 5 5 5
-1451.5 7585.9 -71.3 222 0 7.3 48.0 7.5 2.5 2 1 3 5 5
-1432.6 7540.5 -69.2 132 0 26.9 7.7 7.5 2.5 2 0 3 4 4
-1428.8 7520.9 -67.3 222 0 8.0 25.4 2.5 2.5 2 1 1 2 2
-1418.0 7491.2 -66.9 36 0 12.2 21.4 10.0 2.5 4 1 4 3 3
-1449.9 7452.4 -70.3 109 0 23.2 13.3 12.5 2.5 2 0 5 5 5
-1447.8 7481.9 -69.4 200 0 28.1 11.1 12.5 2.5 2 0 5 0 0
-1449.2 7542.4 -69.4 291 0 11.0 38.7 15.0 0.0 0 1 6 0 0
-1467.8 7486.9 -70.2 20 0 29.2 9.7 7.5 2.5 2 0 3 3 3
-1479.4 7492.9 -69.8 29 0 14.6 29.7 10.0 2.5 2 1 4 3 3
-1537.0 7527.0 -71.9 216 0 22.0 5.7 5.0 2.5 2 0 2 3 3
-1522.1 7561.6 -73.5 206 0 49.0 11.5 12.5 2.5 2 0 5 5 5
-1505.2 7603.6 -74.5 210 0 26.8 13.3 12.5 2.5 2 0 5 0 0
-1517.1 7610.0 -75.7 29 0 10.1 9.3 5.0 0.0 0 0 2 3 3
-1544.5 7544.5 -73.9 28 0 33.2 10.3 12.5 2.5 4 0 5 5 5
-1564.8 7560.1 -75.2 28 0 14.5 10.0 7.5 2.5 2 0 3 3 3
-1554.8 7584.5 -76.4 24 0 32.1 12.1 10.0 2.5 2 0 4 0 0
-1545.8 7609.1 -76.9 27 0 14.8 10.8 10.0 2.5 2 0 4 0 0
-1526.7 7618.1 -77.3 28 0 12.7 25.0 12.5 2.5 2 1 5 2 2
-1589.8 7717.8 -82.3 306 0 49.7 8.7 7.5 2.5 2 0 3 4 4
-1527.7 7663.0 -78.9 316 0 31.2 8.9 7.5 2.5 2 0 3 1 1
-1597.3 7705.7 -82.4 305 0 44.6 11.2 15.0 0.0 0 0 6 0 0
-1622.0 7737.1 -82.2 305 0 10.0 29.6 5.0 2.5 2 1 2 1 1
-1573.1 7662.5 -81.7 306 0 64.1 10.7 10.0 2.5 2 0 4 2 2
-1691.3 7415.7 -77.5 174 0 10.2 13.6 7.5 0.0 0 1 3 4 4
-1692.3 7474.6 -78.6 214 0 20.7 13.7 12.5 2.5 2 0 5 5 5
-1761.1 7430.8 -85.0 47 0 22.2 11.0 5.0 2.5 2 0 2 4 4
-1787.1 7380.7 -81.5 181 0 11.4 30.6 12.5 2.5 2 0 5 4 4
-1752.7 7352.7 -74.2 271 0 7.3 21.1 5.0 2.5 2 1 2 5 5
-1751.1 7266.3 -65.6 121 0 11.8 10.7 2.5 0.0 0 0 1 2 2
-1790.8 7280.3 -71.1 176 0 8.6 14.7 2.5 2.5 2 0 1 3 3
-1769.8 7276.5 -68.6 95 0 12.2 6.7 7.5 2.5 2 0 3 4 4
-1739.1 7323.1 -70.8 287 0 12.9 20.7 12.5 2.5 2 1 5 4 4
-1593.8 7571.7 -77.2 25 0 36.7 9.1 7.5 0.0 0 0 3 2 2
-1570.4 7634.1 -78.5 297 0 10.2 42.9 12.5 2.5 2 1 5 3 3
-1585.5 7642.4 -79.6 294 0 13.1 42.0 12.5 0.0 0 1 5 4 4
-1627.7 7544.7 -78.3 112 0 14.3 58.7 12.5 2.5 2 1 5 4 4
-1639.3 7585.8 -79.3 202 0 44.9 13.6 12.5 2.5 2 0 5 3 3
-1607.3 7690.4 -82.7 294 0 11.1 81.0 12.5 2.5 2 1 5 0 0
-2071.3 7446.9 -88.1 352 0 11.6 35.7 12.5 2.5 2 1 5 5 5
-1750.8 7767.2 -86.9 270 0 19.2 8.1 5.0 2.5 2 0 2 0 0
-1921.9 7762.7 -85.4 125 0 22.4 10.9 5.0 2.5 2 0 2 5 5
-1918.7 7822.2 -80.6 286 0 10.2 19.0 10.0 2.5 2 1 4 5 5
-1864.5 7823.9 -77.7 97 0 37.2 13.1 12.5 2.5 2 0 5 4 4
-1965.1 7868.1 -69.4 219 0 4.9 14.0 5.0 2.5 4 1 2 5 5
-1972.6 7858.8 -72.0 205 0 7.8 23.0 5.0 0.0 0 1 2 1 1
-1979.7 7842.5 -75.9 205 0 7.4 26.6 5.0 0.0 0 1 2 3 3
-2034.4 7828.7 -77.6 125 0 31.9 19.5 12.5 0.0 0 0 5 3 3
-1982.2 7794.1 -81.7 107 0 25.0 11.2 12.5 2.5 4 0 5 1 1
-2009.6 7813.2 -79.8 123 0 19.9 9.1 2.5 0.0 0 0 1 3 3
-2027.2 7805.3 -81.2 310 0 29.0 12.2 10.0 2.5 2 0 4 2 2
-1991.9 7768.1 -85.1 299 0 33.5 14.5 10.0 2.5 2 0 4 3 3
-2032.6 7720.1 -85.3 112 0 25.2 38.7 12.5 0.0 0 1 5 3 3
-2099.0 7743.3 -82.4 109 0 13.9 15.9 5.0 0.0 0 1 2 3 3
-2046.5 7735.1 -82.4 24 0 11.8 43.8 12.5 2.5 4 1 5 5 5
-2054.6 7766.8 -81.8 291 0 31.5 14.0 10.0 2.5 2 0 4 0 0
-2079.8 7835.0 -74.6 317 0 30.1 14.7 17.5 0.0 0 0 7 2 2
-2077.3 7801.0 -77.7 289 0 14.0 18.3 12.5 2.5 2 1 5 3 3
-2086.3 7781.9 -80.1 289 0 15.3 18.5 10.0 2.5 4 1 4 2 2
-2329.7 8113.6 -73.1 308 0 10.9 27.3 10.0 2.5 2 1 4 5 5
-2229.1 8050.1 -64.8 117 0 27.6 9.5 7.5 2.5 2 0 3 2 2
-2265.3 8071.5 -67.8 117 0 39.3 8.9 7.5 0.0 0 0 3 2 2
-2292.3 8071.2 -70.1 31 0 9.0 18.5 7.5 0.0 0 1 3 1 1
-2329.4 8041.4 -73.9 301 0 34.8 15.5 12.5 2.5 2 0 5 5 5
-2304.2 8008.4 -71.4 123 0 31.9 10.9 10.0 0.0 0 0 4 3 3
-2271.1 7998.1 -68.9 121 0 31.9 5.4 7.5 2.5 2 0 3 0 0
-2234.5 7961.4 -68.2 123 0 43.5 9.7 7.5 2.5 2 0 3 0 0
-2167.0 7925.0 -67.9 118 0 35.0 7.7 7.5 0.0 0 0 3 0 0
-2096.5 7891.7 -68.2 122 0 33.6 8.7 7.5 2.5 2 0 3 0 0
-2112.4 7884.7 -69.9 124 0 59.0 9.9 7.5 2.5 2 0 3 3 3
-2174.6 7725.5 -88.4 110 0 17.8 11.0 10.0 2.5 2 0 4 0 0
-2215.7 7747.0 -88.8 116 0 52.6 10.1 15.0 0.0 0 0 6 5 5
-2269.9 7932.6 -73.7 215 0 31.4 10.8 12.5 2.5 2 0 5 5 5
-2262.1 7853.7 -80.6 301 0 28.9 7.9 5.0 2.5 2 0 2 2 2
-2236.0 7852.8 -79.5 304 0 14.4 7.6 5.0 2.5 4 0 2 1 1
-2247.7 7870.6 -77.4 121 0 51.3 6.6 7.5 2.5 4 0 3 4 4
-2207.4 7906.8 -71.6 35 0 7.2 21.3 5.0 2.5 2 1 2 0 0
-2238.6 7931.3 -71.5 300 0 25.2 7.7 5.0 2.5 2 0 2 4 4
-2222.7 7886.6 -74.2 32 0 6.3 23.0 5.0 2.5 2 1 2 4 4
-2241.7 7878.9 -75.8 122 0 23.0 6.3 5.0 2.5 4 0 2 4 4
-2199.3 7876.5 -75.7 210 0 19.1 10.9 5.0 2.5 2 0 2 2 2
-2214.2 7852.8 -79.1 212 0 20.1 10.2 7.5 2.5 4 0 3 5 5
-2030.0 7696.6 -86.4 84 0 23.6 7.5 5.0 2.5 4 0 2 0 0
-2075.3 7693.3 -86.4 93 0 34.7 8.5 7.5 2.5 2 0 3 3 3
-2102.4 7707.9 -85.8 113 0 7.0 12.9 5.0 2.5 2 1 2 2 2
-2123.6 7718.3 -86.0 117 0 14.0 24.2 10.0 2.5 2 1 4 5 5
-2158.9 7718.5 -88.0 117 0 15.7 7.0 5.0 2.5 2 0 2 3 3
-2138.6 7711.1 -87.6 118 0 25.5 7.5 5.0 2.5 2 0 2 5 5
-2254.9 7767.8 -88.8 121 0 28.2 9.5 7.5 0.0 0 0 3 0 0
-2324.9 7813.0 -86.7 128 0 21.6 10.4 5.0 2.5 2 0 2 2 2
-2285.3 7745.7 -92.8 124 0 30.4 10.7 10.0 2.5 2 0 4 4 4
-2339.7 7793.7 -90.9 309 0 25.2 10.5 10.0 2.5 2 0 4 2 2
-2394.6 7796.8 -90.9 130 0 9.9 15.3 2.5 2.5 2 1 1 2 2
-2364.2 7810.6 -89.7 310 0 30.0 9.1 7.5 2.5 2 0 3 0 0
-2402.3 7948.3 -81.7 33 0 11.6 39.3 12.5 2.5 2 1 5 4 4
-2369.0 7955.4 -77.9 222 0 48.6 12.6 10.0 2.5 2 0 4 4 4
-2344.1 7928.6 -77.5 34 0 28.3 8.8 7.5 0.0 0 0 3 1 1
-2732.8 8326.7 -87.8 158 0 42.8 8.6 7.5 2.5 2 0 3 1 1
-2706.2 8293.3 -86.5 163 0 33.2 23.7 10.0 0.0 0 0 4 5 5
-2654.7 8260.3 -82.3 116 0 14.3 20.9 12.5 2.5 2 1 5 3 3
-2639.1 8221.5 -82.0 315 0 23.1 9.9 5.0 2.5 2 0 2 1 1
-2608.7 8223.7 -78.1 131 0 10.9 24.9 10.0 2.5 2 1 4 0 0
-2551.3 8168.9 -77.8 123 0 19.7 15.6 10.0 2.5 2 0 4 2 2
-2523.8 8171.5 -76.9 133 0 9.0 11.5 5.0 2.5 2 1 2 4 4
-2448.0 8170.2 -73.4 302 0 6.7 7.5 5.0 0.0 0 1 2 2 2
-2489.0 8156.9 -77.0 124 0 7.0 14.1 5.0 2.5 2 1 2 0 0
-2496.0 8133.3 -78.9 124 0 28.1 10.5 12.5 0.0 0 0 5 2 2
-2464.4 8133.0 -78.1 126 0 16.8 18.5 15.0 0.0 0 1 6 4 4
-2378.1 8163.6 -66.3 311 0 24.1 11.1 12.5 2.5 2 0 5 1 1
-2397.7 8149.0 -74.4 301 0 16.0 13.1 7.5 2.5 2 0 3 3 3
-2435.7 8112.8 -78.6 123 0 11.3 31.8 10.0 2.5 2 1 4 4 4
-2460.4 8108.0 -79.6 124 0 37.5 12.2 15.0 0.0 0 0 6 4 4
-2556.1 8075.8 -84.9 219 0 9.4 23.8 2.5 2.5 2 1 1 4 4
-2516.2 8092.3 -83.8 306 0 8.2 25.9 2.5 2.5 2 1 1 5 5
-2483.5 8088.6 -82.0 304 0 24.8 12.1 7.5 2.5 2 0 3 5 5
-2483.8 8027.5 -83.9 36 0 9.2 22.5 5.0 2.5 2 1 2 4 4
-2878.5 8576.9 -94.7 336 0 7.4 32.8 5.0 0.0 0 1 2 0 0
-2898.1 8614.9 -94.7 335 0 6.8 32.4 2.5 2.5 2 1 1 4 4
-2918.4 8688.3 -98.1 328 0 12.5 7.0 7.5 2.5 2 0 3 5 5
-2910.5 8656.6 -98.0 328 0 9.4 38.1 7.5 0.0 0 1 3 5 5
-2848.2 8602.9 -91.7 155 0 13.2 8.1 5.0 0.0 0 0 2 2 2
-2858.9 8621.7 -91.7 153 0 17.1 10.5 2.5 2.5 4 0 1 0 0
-2835.4 8560.8 -92.1 158 0 16.4 16.6 7.5 2.5 2 1 3 1 1
-2712.6 8469.0 -88.0 334 0 9.9 34.8 7.5 2.5 4 1 3 2 2
-2813.2 8521.3 -91.6 159 0 10.6 13.8 7.5 2.5 2 1 3 5 5
-2805.2 8501.7 -91.2 154 0 9.1 9.5 7.5 2.5 4 1 3 2 2
-2781.9 8484.6 -90.9 147 0 34.8 10.9 12.5 2.5 2 0 5 2 2
-2763.8 8453.0 -89.4 147 0 30.8 12.3 15.0 0.0 0 0 6 2 2
-2748.7 8362.4 -87.2 156 0 31.0 11.5 7.5 2.5 2 0 3 0 0
-2845.9 8535.2 -93.2 335 0 30.4 10.4 10.0 2.5 2 0 4 1 1
-2864.7 8540.4 -94.8 342 0 51.0 57.7 12.5 0.0 0 1 5 1 1
-2908.1 8473.9 -93.2 165 0 36.0 20.7 10.0 0.0 0 0 4 4 4
-2824.5 8436.6 -92.8 356 0 33.2 45.4 12.5 0.0 0 1 5 5 5
-2812.1 8349.1 -91.5 70 0 29.0 55.6 7.5 0.0 0 1 3 3 3
-2690.0 8234.9 -86.4 261 0 11.2 37.5 10.0 2.5 2 1 4 0 0
-2714.7 8201.4 -89.5 332 0 23.4 8.2 5.0 2.5 2 0 2 1 1
-2744.4 8183.5 -93.5 64 0 13.1 84.5 10.0 2.5 2 1 4 5 5
-1445.3 7420.5 -68.9 19 0 26.3 18.7 15.0 0.0 0 0 6 5 5
-1422.6 7310.5 -60.2 9 0 30.8 12.8 10.0 2.5 2 0 4 0 0
-1374.2 7359.4 -64.4 26 0 54.1 15.1 15.0 2.5 2 0 6 0 0
-1404.1 7423.1 -67.7 288 0 31.9 7.4 2.5 2.5 2 0 1 5 5
-1376.6 7414.8 -66.7 289 0 22.9 20.4 10.0 2.5 4 0 4 4 4
-1334.0 7388.9 -65.6 26 0 14.4 30.7 10.0 2.5 2 1 4 1 1
-1697.5 7316.2 -70.7 293 0 57.0 51.1 10.0 0.0 0 0 4 3 3
-6354.9 1892.1 -14.6 117 0 7.3 14.2 5.0 0.0 0 1 2 3 3
-6337.4 1915.4 -13.6 36 0 14.5 8.9 7.5 2.5 2 0 3 3 3
-6361.3 1940.2 -20.1 200 0 8.7 6.7 5.0 2.5 4 0 2 2 2
-6384.4 1929.7 -28.2 266 0 12.1 12.1 2.5 2.5 2 0 1 1 1
-6408.5 1876.6 -31.1 96 0 6.3 19.9 5.0 2.5 2 1 2 2 2
-6417.5 1935.7 -35.0 280 0 26.7 14.5 12.5 2.5 2 0 5 2 2
-6447.4 1986.3 -36.7 15 0 11.3 19.9 7.5 2.5 2 1 3 5 5
-6419.2 1965.2 -33.1 116 0 33.4 10.3 15.0 0.0 0 0 6 2 2
-6385.2 1948.1 -30.5 119 0 31.2 9.0 7.5 0.0 0 0 3 4 4
-1152.5 7259.4 -49.7 138 0 17.4 24.2 12.5 2.5 2 1 5 4 4
-1457.2 7537.9 -71.3 34 0 67.3 25.8 10.0 0.0 0 0 4 0 0
-1698.8 7673.1 -85.7 194 0 49.6 10.5 12.5 2.5 2 0 5 0 0
-1748.7 7379.9 -78.6 94 0 15.6 11.0 10.0 2.5 2 0 4 1 1
-1645.0 7269.5 -66.8 22 0 40.0 30.2 12.5 0.0 0 0 5 1 1
-1583.0 7377.4 -67.2 4 0 40.3 15.6 15.0 2.5 2 0 6 4 4
-1452.3 7287.4 -58.5 101 0 29.3 12.3 10.0 2.5 2 0 4 0 0
-1229.4 7351.7 -59.8 319 0 17.4 18.9 15.0 0.0 0 1 6 5 5
-1557.6 7518.8 -73.2 28 0 17.5 13.4 2.5 0.0 0 0 1 0 0
-1598.5 7662.6 -81.1 293 0 14.2 53.8 12.5 2.5 2 1 5 2 2
-1723.8 7438.7 -82.5 227 0 29.7 12.6 10.0 2.5 2 0 4 3 3
-1853.3 7347.9 -86.4 62 0 31.5 15.2 12.5 2.5 2 0 5 5 5
-2987.6 8044.6 -52.0 234 0 13.0 69.6 10.0 2.5 2 1 4 3 3
-2788.6 7877.3 -79.4 222 0 34.6 12.6 10.0 2.5 2 0 4 3 3
-2773.8 7845.5 -78.1 136 0 28.9 11.6 7.5 2.5 2 0 3 4 4
-2744.5 7833.6 -79.1 42 0 33.9 13.7 12.5 2.5 2 0 5 3 3
-2715.4 7889.4 -82.1 302 0 11.6 29.2 10.0 2.5 2 1 4 3 3
-2119.8 7484.0 -85.0 171 0 20.7 19.7 10.0 2.5 2 0 4 2 2
-2246.7 8058.0 -68.0 116 0 83.9 15.0 10.0 2.5 4 0 4 1 1
-2367.9 8052.1 -76.0 124 0 35.5 14.7 15.0 0.0 0 0 6 4 4
-2590.8 8018.2 -91.5 311 0 59.4 48.3 12.5 0.0 0 0 5 0 0
-2614.9 8239.2 -78.6 135 0 13.2 16.3 5.0 2.5 4 1 2 2 2
-2993.8 8324.5 -80.4 344 0 30.0 39.8 10.0 0.0 0 1 4 3 3
-3291.0 7304.1 -61.7 119 0 51.4 13.8 15.0 2.5 2 0 6 0 0
-2203.3 7713.9 -92.5 295 0 66.9 10.8 10.0 2.5 2 0 4 2 2
1970.9 5507.5 88.8 257 0 25.2 69.7 12.5 0.0 0 1 5 5 5
-2306.4 7836.7 -84.6 225 0 9.7 22.2 7.5 2.5 2 1 3 5 5
