560.6 -11073.4 -0.3 41 0 70.4 56.1 17.5 0.0 0 0 5 2 2
1966.2 -10988.0 -32.9 8 0 21.3 35.7 14.0 0.0 0 1 4 0 0
1307.9 -11459.7 8.7 273 0 9.9 50.1 10.5 3.5 2 1 3 4 4
1788.2 -11282.4 -23.8 102 0 27.3 63.4 14.0 0.0 0 1 4 4 4
259.0 -11453.1 -6.6 20 0 12.3 16.7 5.0 2.5 2 1 2 1 1
25.6 -11588.4 -18.7 70 0 15.4 39.8 10.0 2.5 2 1 4 4 4
419.3 -11494.6 10.6 24 0 20.7 7.8 10.5 3.5 2 0 3 1 1
432.9 -11453.6 11.4 14 0 10.0 38.2 10.5 3.5 2 1 3 0 0
-4300.4 -10393.5 -30.9 128 0 46.3 58.7 17.5 0.0 0 1 5 0 0
-4082.6 -10502.5 -29.3 314 0 69.3 33.0 17.5 0.0 0 0 5 5 5
-3258.8 -9695.4 -31.2 300 0 19.5 13.2 17.5 3.5 2 0 5 5 5
-3285.4 -9731.1 -30.7 206 0 38.1 12.9 17.5 3.5 2 0 5 0 0
-3235.4 -9720.4 -32.3 299 0 11.6 53.2 17.5 3.5 2 1 5 1 1
-3256.9 -9850.1 -34.0 121 0 13.6 63.5 17.5 3.5 2 1 5 0 0
-3195.9 -9742.9 -34.4 301 0 12.1 49.6 17.5 3.5 2 1 5 0 0
-3295.4 -9828.8 -31.6 121 0 13.8 59.3 17.5 3.5 2 1 5 2 2
-3315.7 -9778.6 -29.7 211 0 52.5 14.0 17.5 3.5 2 0 5 0 0
-3169.3 -9790.5 -36.1 31 0 43.5 15.5 17.5 3.5 2 0 5 4 4
-3224.5 -9872.6 -36.1 120 0 12.8 62.8 17.5 3.5 2 1 5 1 1
3619.8 -4019.5 20.8 28 0 32.9 27.6 21.0 0.0 0 0 6 2 2
3687.8 -3886.9 19.2 28 0 307.5 77.0 14.0 0.0 0 0 4 5 5
3508.4 -3981.9 22.7 118 0 52.5 255.6 14.0 0.0 0 1 4 3 3
3599.0 -3663.7 21.7 295 0 27.6 47.0 14.0 0.0 0 1 4 1 1
3442.0 -3915.6 19.1 210 0 31.8 28.9 14.0 0.0 0 0 4 4 4
3712.0 -3485.6 23.4 125 0 13.5 24.0 14.0 3.5 2 1 4 1 1
3838.8 -3658.8 16.4 40 0 156.3 50.2 14.0 0.0 0 0 4 5 5
3907.1 -3551.5 23.4 40 0 68.7 113.1 14.0 0.0 0 1 4 4 4
3889.8 -3425.5 24.6 220 0 72.1 94.0 14.0 0.0 0 1 4 4 4
4117.6 -3525.7 25.5 317 0 30.7 45.0 7.5 0.0 0 1 3 3 3
4016.1 -3531.1 23.0 223 0 30.0 86.0 14.0 0.0 0 1 4 1 1
