5557.8 796.6 35.6 138 0 9.5 26.3 2.5 2.5 2 1 1 4 4
5648.0 751.0 38.8 308 0 7.1 19.6 7.5 2.5 2 1 3 5 5
5577.9 646.0 43.7 108 0 5.7 6.4 5.0 2.5 2 1 2 1 1
5525.9 714.8 39.4 106 0 9.2 33.0 7.5 2.5 2 1 3 4 4
5536.0 684.1 40.3 105 0 9.1 46.8 7.5 2.5 2 1 3 4 4
5551.7 672.6 40.4 105 0 9.5 54.4 7.5 2.5 2 1 3 5 5
5565.6 657.0 40.6 106 0 9.5 65.6 7.5 2.5 2 1 3 2 2
5537.7 585.0 46.0 285 0 6.3 4.9 7.5 2.5 2 0 3 0 0
5519.9 571.8 45.9 197 0 31.9 8.3 7.5 2.5 2 0 3 3 3
5510.4 597.8 45.1 106 0 7.9 14.0 7.5 2.5 2 1 3 5 5
5526.0 593.1 44.6 106 0 8.8 32.7 7.5 2.5 2 1 3 0 0
5540.7 589.1 44.8 106 0 8.9 32.6 7.5 2.5 2 1 3 3 3
5581.8 639.2 44.1 284 0 9.2 33.7 7.5 2.5 2 1 3 0 0
5630.9 529.0 47.6 281 0 5.6 12.5 5.0 2.5 2 1 2 3 3
5623.0 486.8 47.7 37 0 12.1 18.7 10.0 0.0 0 1 4 0 0
5635.6 467.1 47.6 34 0 10.3 21.5 5.0 2.5 2 1 2 2 2
5601.0 320.8 43.3 290 0 6.9 4.5 2.5 2.5 2 0 1 4 4
5601.9 313.3 43.0 198 0 4.4 10.9 5.0 2.5 2 1 2 3 3
5589.2 358.4 44.2 201 0 10.8 25.7 10.0 2.5 2 1 4 4 4
5583.7 388.4 45.8 118 0 8.4 9.4 5.0 2.5 2 1 2 3 3
5591.7 407.1 46.4 118 0 10.4 50.2 12.5 2.5 2 1 5 5 5
5431.8 852.7 19.6 110 0 9.1 22.7 2.5 2.5 2 1 1 5 5
5475.0 987.1 0.6 63 0 12.4 12.3 10.0 2.5 2 0 4 3 3
5341.6 866.3 8.6 54 0 17.1 6.9 7.5 2.5 2 0 3 2 2
5257.8 850.5 0.6 249 0 17.2 9.0 7.5 2.5 2 0 3 0 0
5251.1 807.5 8.3 232 0 7.0 14.7 7.5 2.5 2 1 3 3 3
5247.5 785.3 9.5 50 0 19.7 10.1 7.5 2.5 2 0 3 0 0
5237.8 619.9 33.6 311 0 8.9 40.9 7.5 2.5 2 1 3 2 2
5240.5 582.2 38.3 307 0 7.2 38.5 7.5 2.5 2 1 3 1 1
5254.3 597.5 36.5 59 0 33.6 9.6 7.5 2.5 2 0 3 4 4
5246.9 646.0 32.8 218 0 9.4 7.3 5.0 2.5 2 0 2 3 3
5297.7 726.0 27.9 128 0 8.3 24.0 7.5 2.5 2 1 3 5 5
5284.1 714.3 29.3 206 0 20.7 9.8 5.0 0.0 0 0 2 2 2
5316.4 695.3 36.6 147 0 9.5 40.7 7.5 2.5 2 1 3 0 0
5401.2 672.8 42.3 55 0 10.1 25.5 7.5 2.5 4 1 3 3 3
5355.1 665.0 42.7 149 0 9.4 33.3 7.5 2.5 2 1 3 0 0
5303.9 660.2 38.6 305 0 9.9 48.1 7.5 2.5 2 1 3 1 1
5334.8 655.1 42.7 312 0 9.5 55.6 7.5 2.5 2 1 3 3 3
5336.6 603.9 44.6 329 0 23.0 9.4 7.5 2.5 2 0 3 4 4
5342.5 610.1 44.1 149 0 40.7 9.5 7.5 2.5 2 0 3 3 3
5362.6 630.9 43.9 330 0 26.4 10.2 10.0 2.5 4 0 4 4 4
5392.1 623.5 43.7 58 0 10.5 33.4 10.0 2.5 2 1 4 0 0
5391.5 662.1 43.4 238 0 10.0 33.0 7.5 2.5 2 1 3 3 3
5094.7 681.7 6.5 70 0 8.3 5.8 7.5 2.5 2 0 3 2 2
5114.5 545.3 29.5 261 0 20.3 11.9 2.5 2.5 2 0 1 5 5
5298.8 468.2 47.7 180 0 8.7 40.6 7.5 0.0 0 1 3 2 2
5298.3 485.2 47.4 180 0 9.0 32.9 7.5 2.5 2 1 3 1 1
5299.3 504.1 47.1 179 0 9.2 35.7 7.5 2.5 2 1 3 2 2
5321.9 530.0 46.7 71 0 9.6 9.9 5.0 2.5 2 1 2 1 1
5292.5 522.1 46.1 0 0 10.0 44.3 7.5 2.5 2 1 3 0 0
5233.4 504.0 46.2 180 0 9.8 57.8 7.5 0.0 0 1 3 4 4
5217.8 514.8 44.5 287 0 13.2 17.6 5.0 2.5 2 1 2 5 5
5085.5 131.5 45.2 324 0 4.4 14.7 7.5 2.5 2 1 3 0 0
5070.0 135.8 45.3 234 0 8.3 9.9 5.0 2.5 2 1 2 4 4
5418.2 245.6 45.8 129 0 7.8 36.9 7.5 2.5 2 1 3 4 4
5421.5 282.4 46.2 217 0 5.2 13.7 7.5 2.5 2 1 3 1 1
5393.7 252.9 45.8 41 0 10.6 25.1 7.5 2.5 2 1 3 2 2
5468.7 519.7 47.9 15 0 9.2 15.6 7.5 2.5 2 0 3 2 2
5474.3 521.4 47.7 154 0 8.3 23.1 7.5 2.5 2 1 3 5 5
5200.2 829.2 -5.0 278 0 16.5 14.7 7.5 2.5 2 0 3 5 5
5483.9 468.4 49.3 128 0 6.8 7.3 2.5 2.5 2 1 1 1 1
5001.1 620.6 15.9 158 0 10.5 14.9 5.0 2.5 2 1 2 1 1
5146.9 1008.8 4.5 328 0 5.1 16.8 5.0 2.5 2 1 2 0 0
5149.3 999.9 3.8 331 0 10.3 9.8 2.5 2.5 4 0 1 1 1
5091.5 891.6 6.6 331 0 6.6 12.5 5.0 2.5 2 1 2 2 2
5099.6 830.3 3.8 332 0 6.1 10.8 7.5 2.5 2 1 3 1 1
5088.2 820.4 3.7 243 0 9.5 11.0 5.0 2.5 2 1 2 1 1
5518.0 538.2 47.4 65 0 6.8 5.3 2.5 2.5 2 0 1 4 4
5443.5 388.6 47.8 184 0 19.6 19.4 10.0 2.5 4 0 4 1 1
5170.1 902.8 -1.5 337 0 11.1 10.1 7.5 2.5 2 0 3 5 5
5366.6 487.4 47.9 59 0 18.3 18.7 7.5 2.5 2 1 3 0 0
5399.2 546.6 47.0 317 0 9.7 10.3 7.5 2.5 4 1 3 1 1
4092.6 -808.3 41.6 46 0 5.7 8.9 2.5 2.5 2 1 1 5 5
4092.1 -791.2 41.5 319 0 5.2 9.8 2.5 2.5 2 1 1 3 3
4046.9 -784.7 42.2 228 0 9.7 18.8 7.5 2.5 2 1 3 3 3
4043.7 -793.2 42.5 227 0 5.7 10.0 7.5 2.5 2 1 3 4 4
4038.2 -806.2 42.7 138 0 12.5 7.2 5.0 2.5 2 0 2 4 4
3835.6 -832.1 48.1 158 0 11.8 33.0 10.0 2.5 2 1 4 3 3
3630.5 -299.0 13.3 51 0 8.7 6.5 7.5 2.5 2 0 3 5 5
4748.0 328.8 51.7 46 0 10.7 4.4 7.5 2.5 2 0 3 4 4
4716.7 292.0 52.0 97 0 5.3 13.3 5.0 2.5 2 1 2 5 5
3929.4 -344.5 54.0 25 0 10.9 20.2 2.5 2.5 2 1 1 5 5
3919.0 -353.0 54.0 26 0 10.9 20.3 2.5 2.5 2 1 1 4 4
3880.6 -264.2 52.9 194 0 10.4 12.0 5.0 2.5 2 1 2 2 2
3863.5 -456.7 53.4 118 0 10.0 20.5 7.5 2.5 2 1 3 5 5
4145.9 -648.9 44.1 148 0 9.4 13.1 5.0 0.0 0 1 2 2 2
4083.4 -617.8 48.5 76 0 18.4 8.3 2.5 2.5 4 0 1 1 1
4129.7 -548.6 53.5 245 0 14.3 9.3 5.0 2.5 2 0 2 3 3
3930.5 -495.8 53.4 79 0 3.9 9.9 5.0 2.5 2 1 2 0 0
3735.0 -664.1 44.1 122 0 5.5 11.1 5.0 2.5 2 1 2 3 3
3745.7 -600.9 44.5 223 0 14.8 25.3 12.5 2.5 2 1 5 3 3
3763.0 -86.3 41.8 55 0 11.0 22.1 5.0 2.5 2 1 2 5 5
3841.4 -94.8 50.4 254 0 9.8 13.3 5.0 2.5 2 1 2 2 2
3846.5 8.2 49.7 133 0 18.6 19.3 7.5 2.5 2 1 3 2 2
3916.5 -54.5 52.0 74 0 5.6 10.1 5.0 2.5 2 1 2 4 4
3962.4 -36.5 53.1 55 0 6.7 6.4 2.5 2.5 2 0 1 0 0
4089.8 -282.0 53.7 240 0 5.9 12.8 5.0 2.5 4 1 2 2 2
4106.5 -201.9 54.1 237 0 23.3 12.1 10.0 2.5 2 0 4 4 4
4121.8 -182.7 54.3 227 0 12.1 5.2 2.5 2.5 4 0 1 0 0
4143.1 -196.3 54.1 164 0 8.7 21.9 5.0 2.5 2 1 2 2 2
4135.0 -147.7 54.4 202 0 4.9 10.9 5.0 2.5 2 1 2 3 3
4200.2 -136.9 54.2 339 0 9.8 7.3 7.5 2.5 2 0 3 3 3
4218.1 -205.2 53.7 62 0 6.4 12.2 7.5 2.5 2 1 3 0 0
4379.9 -385.5 52.6 347 0 7.7 8.8 7.5 0.0 0 1 3 0 0
4329.3 -632.3 43.1 172 0 3.5 12.3 5.0 2.5 2 1 2 2 2
4338.0 -606.1 45.4 120 0 12.3 3.1 7.5 2.5 2 0 3 2 2
4336.2 -613.9 44.8 35 0 7.1 8.8 7.5 0.0 0 1 3 0 0
4328.4 -622.6 43.8 32 0 12.9 8.0 7.5 2.5 4 0 3 5 5
4226.2 -104.2 54.4 72 0 7.4 23.8 7.5 0.0 0 1 3 0 0
4171.2 168.4 56.5 50 0 10.2 6.3 5.0 2.5 2 0 2 4 4
4318.8 424.8 53.4 289 0 16.9 9.3 7.5 2.5 2 0 3 4 4
4409.7 380.5 55.4 284 0 7.8 10.5 2.5 2.5 2 1 1 4 4
4393.2 481.3 48.6 163 0 23.4 7.7 2.5 2.5 2 0 1 3 3
4558.9 431.9 46.6 16 0 7.3 12.0 7.5 0.0 0 1 3 3 3
4547.0 440.4 46.0 15 0 9.3 14.2 2.5 2.5 2 1 1 4 4
4494.2 458.6 45.3 182 0 8.9 12.0 5.0 2.5 2 1 2 4 4
4478.2 425.6 47.8 167 0 6.8 30.5 7.5 0.0 0 1 3 5 5
4470.1 459.1 45.1 14 0 28.7 18.9 12.5 0.0 0 0 5 0 0
4446.5 408.9 51.0 34 0 11.7 6.6 7.5 2.5 2 0 3 3 3
4463.0 426.4 48.4 21 0 24.5 17.1 10.0 2.5 2 0 4 4 4
4451.7 394.2 52.8 234 0 6.4 15.8 7.5 2.5 2 1 3 5 5
4460.0 366.4 55.1 325 0 9.2 10.6 5.0 2.5 2 1 2 1 1
4461.8 306.5 53.6 9 0 16.9 15.1 10.0 2.5 2 0 4 2 2
4408.6 81.9 54.9 67 0 9.2 17.1 7.5 2.5 2 1 3 4 4
4540.0 124.5 48.2 134 0 7.5 18.4 2.5 2.5 4 1 1 3 3
4627.6 8.7 48.0 317 0 6.8 23.6 5.0 0.0 0 1 2 4 4
4559.7 -104.9 52.8 260 0 11.8 8.9 7.5 2.5 4 0 3 1 1
4731.0 -14.6 42.6 93 0 10.8 9.6 7.5 0.0 0 0 3 0 0
4871.6 38.6 47.9 7 0 7.4 13.4 5.0 2.5 2 1 2 3 3
3843.4 -624.8 51.5 56 0 10.7 8.3 5.0 2.5 2 0 2 0 0
3844.1 -645.8 50.0 52 0 6.4 22.1 5.0 2.5 4 1 2 2 2
3997.7 137.0 52.9 223 0 7.6 17.4 5.0 2.5 2 1 2 5 5
5404.1 830.5 24.0 250 0 22.4 11.6 12.5 2.5 2 0 5 0 0
5363.5 814.0 22.5 251 0 17.6 8.2 7.5 2.5 2 0 3 4 4
-6160.7 11097.9 -61.9 10 0 35.4 15.3 10.0 2.5 2 0 4 5 5
-6179.6 11037.9 -61.9 101 0 11.0 20.7 5.0 2.5 2 1 2 1 1
-6245.1 11090.2 -62.0 102 0 91.4 43.7 10.0 0.0 0 0 4 0 0
-6411.1 11116.1 -61.5 283 0 39.1 114.4 10.0 0.0 0 1 4 1 1
-6291.3 11056.4 -62.0 102 0 150.3 26.3 12.5 0.0 0 0 5 5 5
-6134.3 10713.9 -61.9 196 0 23.9 45.9 7.5 0.0 0 1 3 3 3
-6132.3 10597.1 -62.0 190 0 73.3 29.8 7.5 0.0 0 0 3 3 3
-4682.3 7676.4 -64.2 3 0 55.7 32.5 7.5 0.0 0 0 3 4 4
-4739.8 7761.0 -62.7 307 0 38.1 43.9 10.0 0.0 0 1 4 4 4
-5699.6 10965.7 -62.5 13 0 248.1 125.2 14.0 0.0 0 0 4 4 4
-5661.8 10847.8 -62.0 192 0 123.4 59.0 14.0 0.0 0 0 4 1 1
-4212.1 10470.6 -65.2 18 0 118.3 31.5 10.0 0.0 0 0 4 2 2
-4310.3 11648.2 -61.8 104 0 15.0 59.3 10.5 3.5 2 1 3 2 2
-4338.6 11600.0 -61.3 104 0 47.4 31.8 10.5 0.0 0 0 3 2 2
-4202.5 11565.5 -63.4 104 0 150.6 57.2 10.5 0.0 0 0 3 3 3
-4085.1 11535.1 -63.9 104 0 53.8 69.1 10.5 0.0 0 1 3 3 3
-4014.1 11518.0 -64.4 104 0 56.1 73.4 10.5 0.0 0 1 3 2 2
