1653.1 11252.9 5.3 354 0 42.6 35.0 7.5 0.0 0 0 3 0 0
2180.5 11889.7 -26.9 180 0 56.7 38.1 14.0 0.0 0 0 4 5 5
5177.0 3430.3 5.7 23 0 21.7 35.9 7.5 0.0 0 1 3 5 5
4975.1 3805.9 4.7 296 0 116.6 249.6 12.5 0.0 0 1 5 4 4
4688.1 3600.3 4.4 199 0 45.3 24.0 10.0 0.0 0 0 4 5 5
5089.2 3745.6 5.1 293 0 67.7 235.4 10.0 0.0 0 1 4 1 1
5225.0 3669.6 7.0 201 0 21.0 75.8 7.5 0.0 0 1 3 3 3
5247.8 3776.4 7.1 293 0 28.4 70.4 7.5 0.0 0 1 3 3 3
5347.2 3716.2 7.7 28 0 28.1 24.5 10.0 0.0 0 0 4 1 1
4936.6 3507.9 4.9 205 0 35.7 86.1 7.5 0.0 0 1 3 3 3
4711.7 3460.3 3.7 112 0 13.3 65.0 7.5 2.5 2 1 3 2 2
4772.2 3435.6 3.9 112 0 13.3 65.0 10.0 2.5 2 1 4 3 3
4654.4 3523.2 3.5 202 0 78.0 32.9 7.5 0.0 0 0 3 3 3
4786.7 3270.3 3.6 200 0 63.5 11.3 12.5 2.5 2 0 5 3 3
4806.9 3226.8 3.4 110 0 11.3 63.5 15.0 0.0 0 1 6 5 5
4833.3 3215.1 3.3 110 0 11.3 63.5 10.0 2.5 2 1 4 0 0
4858.3 3204.3 3.1 110 0 11.3 63.5 10.0 2.5 2 1 4 2 2
4886.7 3193.1 3.1 110 0 11.3 63.5 10.0 2.5 2 1 4 3 3
5060.6 3302.7 4.1 24 0 88.0 17.8 7.5 2.5 2 0 3 2 2
5318.0 3626.1 7.2 26 0 18.7 15.5 7.5 2.5 2 0 3 5 5
5377.8 3613.4 7.4 20 0 17.1 30.3 7.5 2.5 2 1 3 2 2
5399.5 3672.7 7.9 62 0 10.7 27.0 10.0 0.0 0 1 4 2 2
5436.5 3673.7 8.0 59 0 19.6 64.2 10.0 2.5 2 1 4 1 1
5376.6 3762.3 8.1 326 0 6.7 15.5 5.0 2.5 2 1 2 5 5
5405.7 3768.2 8.3 55 0 22.2 64.9 10.0 2.5 2 1 4 3 3
5435.6 3800.5 8.0 56 0 46.1 45.4 10.0 0.0 0 0 4 0 0
5484.8 3843.9 7.6 329 0 14.7 11.9 2.5 0.0 0 0 1 0 0
5524.8 3823.1 7.4 330 0 21.2 10.5 7.5 0.0 0 0 3 0 0
5726.4 3879.8 -1.4 75 0 25.5 78.8 12.5 0.0 0 1 5 0 0
6114.8 3366.2 2.4 68 0 53.3 32.0 12.5 0.0 0 0 5 3 3
5717.4 3765.1 5.8 329 0 24.5 72.8 12.5 0.0 0 1 5 0 0
5621.2 3772.1 6.6 234 0 9.6 32.7 7.5 2.5 2 1 3 5 5
5624.6 3924.3 1.2 57 0 16.0 17.3 7.5 2.5 2 1 3 5 5
5585.9 3966.1 0.6 173 0 15.0 27.9 12.5 2.5 4 1 5 2 2
5173.1 3789.9 7.3 204 0 11.1 45.1 7.5 2.5 2 1 3 1 1
4932.8 4026.5 9.6 298 0 15.0 21.1 7.5 2.5 2 1 3 4 4
4764.5 3678.5 5.4 330 0 15.0 39.2 10.0 2.5 2 1 4 0 0
4801.5 3872.7 7.8 45 0 25.4 17.4 7.5 2.5 2 0 3 4 4
4817.6 3860.0 7.6 308 0 18.2 24.3 10.0 2.5 2 1 4 4 4
4831.9 3845.4 7.4 308 0 18.2 24.3 15.0 0.0 0 1 6 4 4
4847.7 3832.0 7.3 281 0 12.5 25.3 10.0 2.5 2 1 4 2 2
4743.1 3849.8 7.6 184 0 21.2 12.6 10.0 2.5 2 0 4 5 5
4745.7 3875.8 7.9 184 0 21.2 12.6 10.0 2.5 2 0 4 0 0
4739.3 3943.8 8.7 183 0 21.5 12.1 15.0 0.0 0 0 6 3 3
4797.4 3897.3 8.2 3 0 15.7 17.3 10.0 0.0 0 1 4 2 2
4693.9 3988.6 8.0 190 0 18.8 26.0 10.0 2.5 2 1 4 5 5
4793.9 4025.3 9.6 274 0 19.2 15.9 7.5 2.5 2 0 3 3 3
4633.5 4195.2 7.2 255 0 30.6 36.2 12.5 2.5 2 1 5 5 5
4629.1 4009.9 6.5 101 0 19.9 32.1 10.0 0.0 0 1 4 0 0
4618.0 4049.0 6.5 99 0 16.7 25.7 7.5 0.0 0 1 3 2 2
6103.0 3125.7 1.0 96 0 44.7 21.2 10.0 2.5 2 0 4 4 4
5141.4 4077.1 8.9 136 0 39.7 18.4 7.5 0.0 0 0 3 2 2
4463.2 3297.6 4.5 355 0 38.2 74.6 10.0 0.0 0 1 4 2 2
4725.7 3287.9 4.1 200 0 63.5 11.3 10.0 2.5 2 0 4 0 0
4698.2 3299.2 4.3 200 0 63.5 11.3 7.5 2.5 2 0 3 4 4
4684.9 3176.5 4.8 110 0 11.3 63.5 7.5 2.5 2 1 3 4 4
4652.4 3183.7 4.8 110 0 11.3 63.5 7.5 2.5 2 1 3 1 1
4695.8 3099.0 5.3 200 0 63.5 11.3 10.0 2.5 2 0 4 1 1
4736.4 3045.6 5.4 110 0 11.3 63.5 12.5 2.5 2 1 5 5 5
4761.2 3034.9 5.5 110 0 11.3 63.5 7.5 2.5 2 1 3 3 3
4808.1 3016.7 5.6 110 0 11.3 63.5 10.0 2.5 2 1 4 1 1
4712.7 3055.7 5.6 103 0 24.6 10.2 5.0 2.5 2 0 2 0 0
4929.4 3164.9 3.0 110 0 15.4 47.7 10.0 2.5 2 1 4 2 2
5012.3 3211.9 3.1 22 0 16.3 65.8 10.0 2.5 2 1 4 4 4
5089.5 3181.9 3.3 25 0 30.4 49.6 10.0 0.0 0 1 4 2 2
5185.3 3041.5 2.9 121 0 45.3 79.6 12.5 0.0 0 1 5 0 0
5160.4 3168.5 3.3 212 0 116.3 30.5 10.0 0.0 0 0 4 2 2
4777.9 2664.3 7.7 217 0 50.3 26.8 7.5 0.0 0 0 3 4 4
4578.0 2958.1 6.3 198 0 15.7 50.9 5.0 2.5 2 1 2 1 1
4576.9 2819.5 6.8 110 0 14.4 48.0 10.0 2.5 2 1 4 3 3
4602.8 2810.4 6.8 112 0 14.9 48.5 7.5 2.5 2 0 3 4 4
4651.0 2788.7 6.9 112 0 14.2 48.6 10.0 2.5 2 1 4 4 4
4632.1 2796.1 6.9 112 0 14.2 48.6 10.0 2.5 2 1 4 4 4
4607.3 2803.0 7.1 198 0 7.8 15.2 5.0 2.5 2 0 2 5 5
4590.4 2893.1 6.6 293 0 8.1 15.5 5.0 2.5 4 1 2 5 5
4601.6 2905.6 6.6 288 0 21.3 10.5 5.0 2.5 2 0 2 4 4
4639.2 2879.1 6.7 198 0 10.5 21.3 7.5 2.5 2 1 3 0 0
4631.9 2906.3 6.5 202 0 9.8 38.0 7.5 2.5 2 1 3 4 4
4780.6 2705.9 7.5 27 0 15.3 14.4 7.5 2.5 4 0 3 5 5
4721.8 2708.4 7.5 114 0 10.7 15.7 7.5 2.5 2 1 3 5 5
4569.6 2698.8 7.6 141 0 18.5 12.9 7.5 0.0 0 0 3 2 2
4013.7 2146.3 9.4 53 0 15.3 15.9 5.0 2.5 4 1 2 0 0
3949.1 2121.0 9.5 157 0 19.8 17.6 7.5 2.5 2 0 3 1 1
3969.2 2353.9 8.8 253 0 40.6 28.0 10.0 0.0 0 0 4 2 2
4112.2 2841.6 7.0 132 0 30.1 22.6 7.5 0.0 0 0 3 5 5
4066.0 3025.3 9.2 252 0 15.4 12.6 7.5 2.5 2 0 3 2 2
4088.8 3024.0 7.6 263 0 16.5 23.1 12.5 0.0 0 1 5 2 2
4471.3 2984.0 6.2 209 0 6.2 23.0 2.5 2.5 2 0 1 2 2
4501.0 2992.5 6.1 311 0 15.8 15.6 2.5 2.5 4 0 1 0 0
4454.0 2991.9 6.2 208 0 5.1 13.5 5.0 2.5 2 1 2 1 1
4456.5 3011.7 6.1 285 0 5.8 16.5 2.5 2.5 4 1 1 1 1
4392.9 2980.4 6.3 191 0 13.4 24.3 7.5 2.5 2 1 3 4 4
4310.9 3043.9 5.8 96 0 162.6 17.6 5.0 0.0 0 0 2 5 5
4244.8 3159.0 6.9 121 0 11.8 17.8 5.0 2.5 2 1 2 3 3
4098.4 3277.5 10.9 343 0 51.5 23.2 7.5 2.5 2 0 3 0 0
3963.9 3201.0 8.0 257 0 16.7 61.1 7.5 2.5 4 1 3 1 1
3923.0 3025.9 6.1 255 0 51.7 16.0 10.0 2.5 4 0 4 5 5
3843.4 3102.0 5.2 152 0 19.9 15.3 7.5 2.5 2 0 3 5 5
3852.5 3026.9 5.0 70 0 29.3 20.8 10.0 0.0 0 0 4 0 0
3793.5 2987.9 5.5 260 0 43.5 28.6 5.0 0.0 0 0 2 0 0
3852.8 3441.8 5.7 356 0 6.7 39.7 7.5 0.0 0 1 3 5 5
3873.9 3521.1 6.3 79 0 19.1 13.2 10.0 2.5 2 0 4 4 4
3853.7 3582.0 5.2 246 0 30.8 22.3 7.5 0.0 0 0 3 1 1
4088.9 3334.5 10.8 346 0 16.2 25.6 7.5 2.5 2 1 3 3 3
3951.0 3568.3 6.9 352 0 16.1 37.8 15.0 0.0 0 1 6 3 3
4359.6 2045.0 9.5 337 0 37.9 18.1 10.0 2.5 4 0 4 3 3
4375.1 1999.5 9.8 323 0 15.2 10.1 5.0 2.5 2 0 2 2 2
5500.1 3153.9 5.9 275 0 92.7 19.8 7.5 0.0 0 0 3 1 1
5501.3 3173.9 6.1 97 0 81.8 34.2 10.0 0.0 0 0 4 2 2
5626.6 3166.2 6.7 98 0 64.5 21.3 7.5 2.5 2 0 3 2 2
5681.4 3155.6 6.7 92 0 22.2 33.0 12.5 0.0 0 1 5 5 5
