4875.8 9725.0 -35.6 353 0 32.4 10.2 14.0 3.5 2 0 4 3 3
4947.5 9763.9 -51.8 354 0 33.3 9.1 10.5 3.5 2 0 3 4 4
4879.3 9669.6 -35.4 355 0 32.1 9.4 10.5 3.5 2 0 3 2 2
4964.1 9638.8 -47.6 353 0 29.7 9.0 10.5 0.0 0 0 3 4 4
4929.6 9541.6 -47.7 173 0 10.0 14.2 14.0 3.5 2 1 4 0 0
4903.7 9516.6 -48.2 175 0 10.2 41.6 14.0 3.5 2 1 4 5 5
4969.3 9535.3 -50.2 355 0 38.0 14.0 14.0 3.5 2 0 4 5 5
4901.1 9645.9 -43.6 262 0 12.9 70.0 14.0 3.5 2 1 4 0 0
4950.8 9567.0 -48.0 357 0 24.7 23.6 14.0 0.0 0 0 4 5 5
4951.5 9660.7 -45.3 82 0 7.4 18.6 10.5 3.5 2 0 3 4 4
4971.0 9574.4 -49.6 354 0 33.8 10.5 14.0 3.5 2 0 4 2 2
4954.3 9694.7 -47.2 354 0 29.6 10.6 10.5 3.5 2 0 3 5 5
4892.6 9758.5 -41.6 357 0 35.8 8.8 10.5 3.5 2 0 3 2 2
4933.4 9716.6 -44.6 354 0 9.9 19.5 10.5 3.5 2 1 3 0 0
4861.0 9622.0 -37.1 263 0 9.1 35.7 10.5 3.5 2 1 3 2 2
4844.2 9579.2 -32.8 176 0 12.5 8.4 10.5 3.5 2 0 3 3 3
4881.2 9636.4 -39.8 264 0 8.4 49.0 10.5 3.5 2 1 3 1 1
4892.4 9578.7 -40.7 356 0 11.1 34.7 14.0 3.5 2 1 4 3 3
4839.7 9599.6 -32.8 175 0 24.8 10.8 14.0 3.5 2 0 4 0 0
4887.3 9721.3 -38.9 177 0 34.1 6.9 10.5 3.5 2 0 3 5 5
4951.8 9728.4 -49.7 354 0 32.4 11.3 10.5 3.5 2 0 3 5 5
2644.6 6519.8 -5.6 246 0 9.3 9.8 10.5 3.5 2 1 3 2 2
2486.4 6431.8 38.7 106 0 19.8 19.2 14.0 3.5 2 0 4 4 4
