3624.6 8760.3 127.8 348 0 77.6 29.2 12.5 0.0 0 0 5 5 5
4746.9 7905.5 -62.2 137 0 35.2 38.3 12.5 0.0 0 1 5 3 3
5255.1 7519.6 -104.4 115 0 38.9 29.0 10.5 0.0 0 0 3 5 5
3895.5 8934.7 87.1 97 0 15.5 25.1 10.0 2.5 2 1 4 5 5
3878.5 9020.5 93.8 186 0 17.6 18.0 10.0 2.5 2 1 4 1 1
3877.9 8949.4 86.7 189 0 15.3 10.2 7.5 2.5 2 0 3 4 4
3762.6 8884.9 103.5 27 0 13.2 11.0 10.0 2.5 2 0 4 4 4
3746.1 8898.4 111.7 33 0 7.1 4.9 5.0 2.5 2 0 2 2 2
3833.6 8863.0 80.3 103 0 30.1 12.1 12.5 2.5 2 0 5 3 3
3808.3 8937.4 93.9 111 0 15.3 16.7 5.0 2.5 2 1 2 4 4
3827.0 8858.6 76.2 283 0 47.5 31.5 12.5 0.0 0 0 5 0 0
3848.9 8807.5 74.4 18 0 13.0 47.5 12.5 2.5 2 1 5 2 2
3785.1 8804.1 78.9 285 0 9.4 32.1 7.5 0.0 0 1 3 2 2
3792.7 8738.0 71.6 107 0 28.3 24.0 10.0 0.0 0 0 4 1 1
3842.2 9163.2 118.3 358 0 11.1 17.9 7.0 2.5 2 1 2 3 3
3926.8 8927.4 92.6 330 0 11.5 6.5 5.0 0.0 0 0 2 4 4
3921.0 8886.8 85.3 353 0 7.8 14.8 7.5 2.5 2 0 3 4 4
3821.6 8725.7 69.2 93 0 23.1 7.0 2.5 2.5 2 0 1 5 5
3542.4 8620.3 109.2 70 0 5.0 14.6 5.0 2.5 2 1 2 2 2
3616.7 8396.6 109.0 233 0 5.0 13.8 7.5 2.5 2 1 3 3 3
3874.4 8720.2 64.6 270 0 10.3 15.7 7.5 2.5 2 1 3 3 3
4013.3 8952.2 108.2 351 0 15.8 5.0 7.5 2.5 2 0 3 3 3
3944.5 8396.4 41.1 294 0 21.6 7.6 2.5 2.5 2 0 1 5 5
4177.6 8392.8 42.1 89 0 46.1 21.9 15.0 0.0 0 0 6 1 1
5553.7 7340.6 -136.3 209 0 12.3 10.9 14.0 3.5 2 0 4 4 4
3837.4 8922.1 85.8 284 0 8.3 15.9 5.0 2.5 2 0 2 3 3
3759.1 8678.7 86.4 357 0 62.8 36.7 10.0 0.0 0 0 4 5 5
3883.2 8438.3 43.0 322 0 23.6 23.7 10.0 2.5 4 1 4 1 1
3625.7 8689.6 124.4 337 0 10.4 33.8 15.0 0.0 0 0 6 5 5
5734.1 7554.5 -140.0 319 0 13.7 76.0 14.0 3.5 2 1 4 0 0
5708.5 7382.2 -139.9 41 0 23.9 7.9 10.5 3.5 2 0 3 2 2
5641.9 7262.7 -138.8 208 0 12.3 24.5 10.5 3.5 2 1 3 4 4
5585.8 7233.5 -137.3 224 0 42.8 11.0 10.5 3.5 2 0 3 5 5
5638.1 7309.2 -138.1 39 0 8.6 24.2 10.5 3.5 2 0 3 5 5
5625.3 7294.8 -138.0 40 0 28.8 11.2 14.0 3.5 2 0 4 4 4
5547.1 7230.2 -136.6 134 0 11.9 42.0 14.0 3.5 2 1 4 2 2
5641.9 7293.3 -138.6 224 0 31.6 10.3 10.5 0.0 0 0 3 0 0
5591.4 7268.6 -137.0 44 0 11.4 6.3 10.5 3.5 2 0 3 1 1
5633.6 7349.5 -138.2 282 0 14.9 8.7 10.5 3.5 4 0 3 5 5
5733.5 7409.6 -140.4 41 0 26.7 9.6 10.5 0.0 0 0 3 2 2
5743.0 7396.5 -140.9 225 0 36.9 10.7 10.5 3.5 2 0 3 1 1
5680.5 7329.6 -139.4 225 0 13.6 8.0 10.5 3.5 2 0 3 1 1
5775.6 7431.7 -141.4 223 0 13.6 10.7 10.5 0.0 0 0 3 1 1
5792.5 7448.0 -141.8 227 0 7.6 14.5 10.5 3.5 2 1 3 0 0
5759.5 7438.0 -140.8 41 0 10.3 18.3 10.5 3.5 2 1 3 0 0
5875.5 7550.0 -141.9 44 0 37.2 15.4 14.0 3.5 2 0 4 1 1
5435.8 8642.3 53.1 1 0 15.4 19.2 10.0 2.5 4 1 4 3 3
5435.4 8688.7 60.4 313 0 12.4 16.4 7.5 2.5 4 1 3 4 4
3135.1 8318.5 -58.9 143 0 10.2 7.2 5.0 0.0 0 0 2 0 0
