967.2 -1302.5 -11.0 269 0 59.5 26.8 5.0 2.5 2 0 2 4 4
741.0 -1327.9 -11.0 360 0 114.2 78.2 7.5 0.0 0 0 3 1 1
797.9 -1169.6 -12.1 90 0 70.6 24.1 7.5 0.0 0 0 3 2 2
919.0 -1236.0 -11.4 359 0 24.9 57.8 7.5 0.0 0 1 3 5 5
838.1 -1325.6 -11.6 360 0 114.2 75.4 7.5 0.0 0 0 3 2 2
745.5 -1222.9 -11.6 359 0 61.9 81.0 10.0 0.0 0 1 4 5 5
890.5 -1292.2 -11.4 89 0 58.8 25.7 7.5 2.5 2 0 3 2 2
962.2 -1180.4 -11.1 269 0 50.5 26.3 7.5 0.0 0 0 3 3 3
889.8 -1332.4 -11.4 89 0 58.1 25.5 5.0 2.5 2 0 2 1 1
741.6 -1132.6 -12.0 359 0 25.4 77.8 15.0 0.0 0 1 6 2 2
888.6 -1209.4 -11.4 90 0 58.5 26.3 10.0 2.5 2 0 4 4 4
965.6 -1221.6 -11.1 270 0 60.5 24.5 7.5 2.5 2 0 3 4 4
966.0 -1290.6 -11.0 90 0 60.5 25.4 7.5 2.5 2 0 3 0 0
870.9 -1397.4 -11.4 90 0 26.9 14.8 7.5 2.5 2 0 3 2 2
960.2 -1640.6 -10.6 270 0 40.3 16.4 7.5 2.5 2 0 3 1 1
970.2 -1517.8 -10.6 269 0 60.4 26.0 10.0 2.5 2 0 4 3 3
971.0 -1588.4 -10.6 89 0 60.4 25.5 7.5 2.5 2 0 3 0 0
937.4 -1412.6 -10.8 180 0 25.4 61.3 10.0 2.5 2 1 4 2 2
969.6 -1505.0 -10.7 89 0 60.8 26.0 5.0 2.5 2 0 2 3 3
970.2 -1600.5 -10.6 269 0 60.5 25.2 7.5 2.5 2 0 3 1 1
969.5 -1438.8 -10.8 270 0 61.2 25.8 7.5 2.5 2 0 3 1 1
897.8 -1974.3 -10.7 89 0 60.0 24.0 7.5 2.5 2 0 3 0 0
926.4 -1879.3 -11.0 360 0 42.4 60.0 10.0 0.0 0 1 4 0 0
897.8 -1992.0 -10.7 270 0 60.0 23.4 15.0 2.5 2 0 6 2 2
968.8 -2000.0 -10.5 90 0 36.2 23.9 10.0 0.0 0 0 4 3 3
981.1 -1824.3 -10.5 91 0 56.0 27.0 10.0 2.5 2 0 4 4 4
972.5 -1755.3 -10.6 270 0 60.8 27.3 7.5 0.0 0 0 3 3 3
970.4 -1717.6 -10.6 270 0 60.6 25.8 10.0 2.5 2 0 4 1 1
928.3 -1919.4 -10.7 359 0 24.3 60.0 10.0 2.5 2 1 4 1 1
915.3 -1713.8 -11.1 270 0 31.7 27.5 10.0 0.0 0 0 4 2 2
-479.4 9073.3 -18.7 133 0 10.6 16.4 14.0 3.5 2 1 4 4 4
-1079.3 8875.1 -9.4 48 0 13.7 22.9 3.5 3.5 2 1 1 5 5
-1133.4 8806.7 -5.7 158 0 25.9 9.6 3.5 3.5 2 0 1 2 2
-1149.8 8835.0 -5.9 151 0 35.7 11.4 3.5 3.5 2 0 1 1 1
-1166.0 8866.0 -6.2 152 0 29.4 10.9 3.5 3.5 2 0 1 1 1
-1161.5 8892.6 -7.1 152 0 19.0 14.1 3.5 3.5 2 0 1 3 3
-1148.3 8869.5 -6.8 151 0 30.2 12.4 3.5 3.5 4 0 1 4 4
-1135.4 8844.4 -6.5 152 0 19.2 11.8 3.5 3.5 2 0 1 3 3
-1106.5 8842.6 -7.4 39 0 11.5 8.7 3.5 0.0 0 0 1 3 3
-1099.0 8853.1 -7.9 35 0 10.2 10.4 3.5 0.0 0 1 1 2 2
-1087.5 8866.9 -8.6 38 0 6.7 11.5 3.5 3.5 2 1 1 3 3
-1111.9 8834.3 -6.8 34 0 5.7 8.7 10.5 3.5 4 1 3 0 0
-1033.2 9120.6 -16.7 208 0 17.3 17.9 14.0 3.5 2 1 4 0 0
-1004.6 9094.0 -17.2 119 0 29.8 20.7 14.0 0.0 0 0 4 3 3
-1058.3 9044.5 -15.3 119 0 15.6 50.2 14.0 3.5 2 1 4 4 4
-977.4 9040.6 -17.1 26 0 23.6 13.7 14.0 3.5 2 0 4 3 3
-969.8 9058.2 -17.1 29 0 9.5 47.8 10.5 3.5 2 1 3 1 1
-973.0 8945.9 -16.3 59 0 29.1 21.8 14.0 0.0 0 0 4 1 1
-1038.3 8975.1 -13.6 148 0 18.7 12.1 14.0 3.5 2 0 4 4 4
-1021.8 8958.8 -13.7 59 0 12.5 11.4 14.0 3.5 2 0 4 2 2
-1012.8 8945.0 -13.8 59 0 10.7 15.6 14.0 3.5 2 1 4 0 0
-1000.2 8934.5 -14.5 60 0 19.2 13.5 14.0 3.5 4 0 4 0 0
-395.9 9059.0 -19.2 134 0 23.3 13.2 14.0 3.5 4 0 4 2 2
-418.4 9079.5 -19.1 136 0 15.0 16.9 14.0 3.5 2 1 4 3 3
-433.8 9094.1 -19.0 134 0 18.6 19.6 14.0 3.5 2 1 4 4 4
-408.8 9064.3 -19.2 313 0 48.3 6.8 10.5 3.5 2 0 3 5 5
-437.7 9090.8 -18.9 310 0 22.5 6.6 10.5 3.5 4 0 3 5 5
-474.2 9050.5 -18.7 223 0 15.3 7.7 10.5 3.5 2 0 3 3 3
-483.2 9002.8 -18.6 137 0 10.5 26.3 14.0 3.5 2 1 4 2 2
-461.0 9040.3 -18.8 225 0 24.0 18.1 14.0 3.5 2 0 4 4 4
-515.9 9006.0 -18.4 121 0 16.7 14.0 14.0 3.5 2 0 4 0 0
-497.6 8977.3 -18.4 28 0 19.9 17.7 14.0 0.0 0 0 4 0 0
-520.8 9002.4 -18.3 297 0 20.8 21.1 14.0 3.5 2 1 4 3 3
-544.1 9014.9 -18.3 298 0 28.5 21.7 14.0 0.0 0 0 4 1 1
-668.9 9033.0 -18.0 274 0 26.6 27.3 14.0 0.0 0 1 4 2 2
-718.9 8967.5 -17.6 334 0 21.3 16.0 10.5 3.5 2 0 3 5 5
-729.1 8990.3 -17.7 331 0 14.1 19.1 10.5 0.0 0 1 3 2 2
-734.1 9002.6 -17.7 336 0 10.4 22.9 10.5 3.5 2 1 3 3 3
-741.5 9018.6 -17.7 334 0 17.7 21.2 10.5 3.5 2 1 3 2 2
-835.0 8879.9 -17.1 318 0 10.3 32.2 10.5 3.5 2 1 3 0 0
-853.3 8906.5 -17.1 319 0 50.4 14.3 10.5 3.5 2 0 3 3 3
-881.6 8940.3 -17.1 321 0 21.2 9.2 10.5 3.5 4 0 3 0 0
-909.8 8963.1 -17.1 232 0 12.9 17.2 10.5 3.5 2 1 3 4 4
-858.2 8935.5 -17.2 138 0 31.5 10.7 14.0 3.5 2 0 4 4 4
-893.9 8894.4 -16.9 326 0 13.8 57.4 10.5 3.5 2 1 3 1 1
-902.1 8855.6 -16.9 55 0 65.1 11.2 10.5 3.5 2 0 3 2 2
-876.9 8815.7 -16.8 59 0 9.8 43.4 10.5 3.5 2 1 3 4 4
-943.2 8787.0 -15.3 56 0 44.5 15.9 10.5 3.5 2 0 3 2 2
-928.7 8824.2 -15.7 58 0 7.9 49.6 10.5 3.5 2 1 3 0 0
-959.7 8866.5 -15.1 58 0 15.0 24.2 10.5 3.5 2 1 3 3 3
-1016.8 8860.8 -12.7 150 0 33.5 13.5 10.5 3.5 2 0 3 4 4
-1027.1 8881.7 -12.7 149 0 9.7 17.6 10.5 3.5 2 1 3 3 3
-988.4 8911.2 -14.7 239 0 18.7 10.1 10.5 3.5 2 0 3 4 4
-1007.2 8902.4 -13.6 241 0 16.4 12.3 10.5 0.0 0 0 3 2 2
-1034.6 8871.2 -11.3 326 0 21.0 7.8 10.5 3.5 2 0 3 4 4
-1079.6 8844.8 -9.3 224 0 15.1 19.0 10.5 3.5 2 1 3 5 5
-1065.3 8860.7 -10.4 223 0 24.1 15.2 10.5 3.5 2 0 3 4 4
-1045.4 8915.5 -11.9 147 0 9.1 8.3 10.5 3.5 4 0 3 0 0
-1069.5 9029.6 -13.1 238 0 12.5 42.1 14.0 0.0 0 1 4 1 1
-1093.5 9016.0 -12.3 238 0 32.2 15.8 14.0 3.5 2 0 4 0 0
-1090.9 8980.2 -11.2 146 0 29.3 8.1 10.5 0.0 0 0 3 3 3
-1074.7 8955.4 -11.5 149 0 25.8 13.1 14.0 3.5 2 0 4 2 2
-1059.7 8930.7 -11.9 146 0 29.0 13.3 14.0 3.5 2 0 4 2 2
-837.5 8669.1 -16.7 123 0 32.9 18.8 10.5 0.0 0 0 3 4 4
-809.0 8650.8 -16.7 123 0 30.1 18.6 10.5 3.5 4 0 3 2 2
-796.1 8677.7 -16.7 65 0 14.6 33.9 10.5 3.5 4 1 3 1 1
-800.2 8738.3 -16.9 330 0 30.1 31.4 10.5 0.0 0 1 3 1 1
-837.4 8801.4 -16.9 330 0 26.9 25.9 10.5 0.0 0 0 3 4 4
-818.4 8769.9 -16.9 328 0 34.0 32.0 10.5 0.0 0 0 3 4 4
-2193.0 7043.5 -14.8 75 0 17.4 8.2 7.5 2.5 2 0 3 3 3
-2211.0 7030.1 -14.8 87 0 14.8 59.7 7.5 2.5 2 1 3 4 4
-2187.8 7094.1 -15.0 256 0 14.9 52.6 7.5 2.5 2 1 3 0 0
-2453.5 7343.7 -14.0 192 0 23.4 38.9 10.0 0.0 0 1 4 0 0
-2558.1 6910.7 -11.4 11 0 31.1 21.6 15.0 0.0 0 0 6 0 0
-2580.7 6850.0 -11.9 103 0 21.2 31.4 10.0 0.0 0 1 4 1 1
-2633.7 7009.8 -6.5 2 0 8.5 9.6 2.5 2.5 2 1 1 5 5
-2685.5 7003.4 -5.6 185 0 10.3 22.2 10.0 2.5 2 1 4 2 2
-2644.9 6953.7 -7.3 342 0 10.8 19.2 5.0 2.5 2 1 2 3 3
-2661.7 6923.1 -7.2 72 0 8.7 23.9 2.5 2.5 2 1 1 4 4
-2639.1 6924.2 -8.4 197 0 13.2 10.7 5.0 2.5 2 0 2 3 3
-2638.0 6984.4 -6.9 353 0 9.0 6.8 7.5 2.5 2 0 3 1 1
-2644.6 7054.4 -5.9 336 0 7.0 15.5 7.5 2.5 4 1 3 4 4
-2617.8 7178.3 -11.2 358 0 6.9 14.3 5.0 2.5 2 1 2 4 4
-2625.7 7154.4 -10.6 0 0 28.8 17.8 10.0 2.5 2 0 4 1 1
-2640.4 7103.3 -7.9 359 0 8.2 10.9 5.0 0.0 0 1 2 2 2
-2635.3 7077.3 -6.9 138 0 7.7 13.5 7.5 2.5 2 1 3 4 4
-2630.9 7057.7 -6.4 184 0 8.3 12.9 2.5 2.5 2 1 1 2 2
-2543.4 6968.5 -10.6 23 0 9.1 15.5 2.5 2.5 2 1 1 1 1
-2598.9 7009.3 -10.5 203 0 9.3 64.4 7.5 0.0 0 1 3 3 3
-2546.3 7012.3 -10.4 293 0 31.9 17.0 10.0 2.5 2 0 4 4 4
-2554.8 7036.8 -10.3 293 0 65.5 12.8 15.0 2.5 2 0 6 5 5
-2554.1 7053.2 -10.2 293 0 71.1 13.5 12.5 2.5 2 0 5 2 2
-2469.7 6966.2 -13.4 16 0 13.0 61.1 10.0 2.5 4 1 4 4 4
-2462.6 6980.1 -13.5 15 0 13.0 64.4 10.0 2.5 2 1 4 2 2
-2489.9 7028.5 -12.6 287 0 47.2 12.4 10.0 2.5 2 0 4 4 4
-2490.7 7012.9 -13.0 286 0 56.3 11.9 10.0 2.5 2 0 4 4 4
-2445.4 7077.1 -13.2 191 0 53.9 15.8 10.0 2.5 2 0 4 4 4
-2436.5 7188.5 -12.6 191 0 31.7 16.8 7.5 2.5 2 0 3 3 3
-2443.0 7150.8 -11.7 191 0 28.5 14.2 10.0 0.0 0 0 4 5 5
-2460.4 7118.3 -10.9 13 0 13.2 12.2 2.5 2.5 4 0 1 4 4
-2445.3 7192.8 -12.6 10 0 37.3 13.7 15.0 0.0 0 0 6 2 2
-2453.9 7149.9 -11.4 10 0 37.5 12.4 12.5 2.5 2 0 5 3 3
-2378.1 7407.8 -13.4 79 0 7.1 9.6 5.0 2.5 2 1 2 0 0
-2533.7 7461.5 -14.4 180 0 10.4 20.1 5.0 2.5 2 1 2 2 2
-2493.5 7499.2 -14.3 93 0 28.0 8.8 2.5 2.5 2 0 1 2 2
-2471.5 7490.4 -13.9 269 0 26.2 9.9 7.5 2.5 2 0 3 5 5
-2468.1 7496.4 -13.9 95 0 14.1 13.1 5.0 2.5 2 0 2 0 0
-2448.9 7494.7 -13.6 91 0 20.1 11.6 5.0 2.5 2 0 2 3 3
-2413.2 7495.7 -13.2 84 0 16.9 22.8 12.5 0.0 0 1 5 4 4
-2386.4 7498.3 -12.9 80 0 6.3 10.6 7.5 2.5 2 1 3 2 2
-2370.0 7493.6 -13.4 256 0 14.2 10.9 2.5 2.5 2 0 1 5 5
-2361.9 7501.6 -13.6 78 0 15.2 11.7 5.0 2.5 2 0 2 5 5
-2328.5 7499.2 -14.7 251 0 18.3 14.3 10.0 2.5 2 0 4 5 5
-2399.1 7488.5 -13.1 258 0 18.5 25.6 12.5 2.5 2 1 5 0 0
-2392.1 7403.7 -13.3 78 0 6.7 31.5 5.0 2.5 4 1 2 4 4
-2392.0 7458.0 -13.2 260 0 17.6 19.3 10.0 0.0 0 1 4 3 3
-2364.3 7450.4 -13.3 347 0 8.3 13.1 5.0 2.5 2 1 2 2 2
-2360.1 7434.6 -13.5 349 0 17.1 13.9 5.0 2.5 2 0 2 5 5
-2378.3 7478.2 -13.3 258 0 11.5 24.6 10.0 2.5 2 1 4 4 4
-2359.5 7329.5 -14.0 359 0 43.0 12.3 10.0 2.5 2 0 4 4 4
-2360.0 7380.6 -13.7 351 0 6.7 8.6 7.5 2.5 2 1 3 1 1
-2353.2 7381.3 -13.9 176 0 28.7 9.2 7.5 2.5 2 0 3 5 5
-2331.2 7335.2 -14.3 353 0 45.0 9.4 7.5 2.5 2 0 3 0 0
-2348.6 7294.6 -14.4 176 0 31.7 15.0 10.0 2.5 2 0 4 4 4
-2346.4 7255.1 -14.5 185 0 12.8 18.0 7.5 2.5 2 1 3 3 3
-2561.0 7334.4 -14.9 13 0 61.7 6.9 7.5 0.0 0 0 3 1 1
-2474.2 7365.6 -14.3 20 0 19.4 38.1 10.0 0.0 0 1 4 4 4
-2523.6 7387.5 -14.1 112 0 22.1 7.7 5.0 0.0 0 0 2 5 5
-2546.0 7329.4 -14.8 192 0 24.6 18.2 7.5 2.5 2 0 3 5 5
-1919.4 7495.7 -15.5 21 0 16.6 26.5 7.5 2.5 2 1 3 4 4
-1887.7 7606.2 -15.4 292 0 23.1 48.1 7.5 2.5 2 1 3 3 3
-1816.4 7641.6 -15.5 22 0 31.0 22.4 7.5 0.0 0 0 3 1 1
-1848.4 7671.8 -15.6 292 0 17.2 31.3 7.5 2.5 2 1 3 5 5
-1861.5 7604.8 -15.6 112 0 54.2 26.5 7.5 2.5 4 0 3 1 1
-1594.6 7711.4 -13.5 203 0 20.1 16.1 7.5 2.5 2 0 3 0 0
-1608.4 7681.0 -13.8 296 0 33.4 13.9 7.5 2.5 2 0 3 4 4
-1641.9 7695.6 -14.1 289 0 34.2 14.7 7.5 2.5 2 0 3 5 5
-1663.7 7713.4 -14.4 22 0 44.5 15.4 7.5 2.5 2 0 3 0 0
-1648.8 8158.9 -15.2 222 0 8.7 7.2 7.5 2.5 2 0 3 1 1
-1666.4 8110.5 -15.1 135 0 5.4 16.6 7.5 2.5 2 1 3 0 0
-1670.8 8126.2 -15.2 220 0 15.3 4.8 7.5 2.5 2 0 3 3 3
-1660.4 8141.4 -15.2 221 0 12.4 10.9 7.5 2.5 2 0 3 2 2
-1522.4 8073.8 -14.7 201 0 7.5 15.0 7.5 0.0 0 1 3 3 3
-1526.6 8065.0 -15.2 22 0 12.4 28.3 7.5 2.5 2 1 3 1 1
-1545.1 8045.9 -16.3 21 0 34.1 17.7 7.5 0.0 0 0 3 3 3
-1655.1 8025.4 -15.1 50 0 9.3 10.6 2.5 2.5 2 1 1 5 5
-1683.9 8096.0 -15.1 313 0 36.2 11.0 7.5 0.0 0 0 3 1 1
-1661.0 8081.3 -15.1 131 0 34.5 12.6 10.0 2.5 2 0 4 3 3
-1609.6 8145.7 -15.2 21 0 50.1 9.7 7.5 2.5 2 0 3 4 4
-1581.2 8234.8 -16.0 290 0 8.7 61.0 5.0 2.5 2 1 2 4 4
841.6 -1220.6 -11.8 359 0 62.0 90.5 7.5 0.0 0 1 3 3 3
-2643.2 8103.9 -11.6 167 0 7.3 14.7 5.0 2.5 2 1 2 5 5
-2632.9 8129.6 -11.0 150 0 10.5 28.3 7.5 2.5 2 1 3 5 5
-2616.1 8119.1 -11.2 143 0 5.2 10.1 5.0 2.5 2 1 2 0 0
-2561.3 8144.8 -11.1 39 0 10.2 16.3 7.5 2.5 2 1 3 5 5
-2592.6 8152.2 -10.5 237 0 20.4 6.8 2.5 2.5 4 0 1 1 1
-2510.1 8203.3 -9.8 326 0 8.3 15.4 5.0 2.5 2 1 2 4 4
-2475.1 8182.8 -11.2 44 0 18.3 6.2 5.0 0.0 0 0 2 1 1
-2494.0 8252.7 -9.1 303 0 13.9 7.3 5.0 2.5 2 0 2 4 4
-2484.2 8243.3 -9.0 308 0 6.8 11.9 5.0 0.0 0 1 2 2 2
-2438.3 8204.1 -10.9 40 0 8.1 33.3 7.5 0.0 0 1 3 5 5
-2461.8 8243.9 -10.0 213 0 17.0 20.6 12.5 0.0 0 1 5 3 3
-2438.1 8260.5 -10.9 207 0 21.6 10.1 5.0 2.5 2 0 2 4 4
-2435.3 8278.1 -11.2 207 0 7.9 11.9 7.5 2.5 2 1 3 3 3
-2458.2 8307.5 -11.2 23 0 11.0 5.8 5.0 2.5 2 0 2 2 2
-2449.4 8304.3 -11.3 22 0 9.8 5.6 5.0 2.5 2 0 2 1 1
-2545.3 8272.7 -8.4 301 0 27.2 11.1 7.5 2.5 2 0 3 3 3
-2557.4 8262.7 -7.9 296 0 19.6 11.4 5.0 0.0 0 0 2 4 4
-2598.5 8294.8 -7.7 293 0 16.8 23.5 12.5 2.5 2 1 5 2 2
-2638.7 8323.1 -7.9 114 0 58.9 18.3 10.0 2.5 4 0 4 4 4
-2858.4 8097.3 -8.1 55 0 13.5 6.6 5.0 2.5 2 0 2 2 2
-2844.5 8097.0 -8.1 52 0 12.8 16.0 5.0 2.5 2 1 2 5 5
-2818.7 8114.0 -7.7 47 0 21.4 10.9 5.0 2.5 2 0 2 5 5
-2803.4 8092.5 -9.3 224 0 9.3 10.6 5.0 0.0 0 1 2 5 5
-2763.1 8157.1 -7.6 206 0 12.0 20.0 5.0 0.0 0 1 2 5 5
-2759.6 8187.3 -6.6 209 0 9.9 20.8 5.0 2.5 4 1 2 5 5
-2724.5 8282.0 -4.5 26 0 18.5 14.8 10.0 2.5 4 0 4 2 2
-2739.2 8249.2 -3.8 32 0 21.6 13.3 10.0 2.5 2 0 4 4 4
-2708.8 8295.9 -5.0 19 0 8.8 10.5 2.5 2.5 2 1 1 3 3
-2705.4 8309.4 -5.5 28 0 9.4 16.9 7.5 2.5 2 1 3 1 1
-2745.0 8381.3 -6.5 292 0 15.9 9.8 5.0 2.5 2 0 2 1 1
-2701.2 8349.3 -6.7 10 0 8.9 7.9 5.0 2.5 2 0 2 2 2
-2457.9 8375.3 -12.3 291 0 13.5 15.2 10.0 2.5 2 0 4 4 4
-2427.3 8181.5 -12.7 251 0 9.8 14.0 5.0 2.5 2 1 2 2 2
-2364.9 8421.7 -16.0 189 0 20.1 18.2 7.5 2.5 4 0 3 1 1
-2335.6 8390.5 -15.5 20 0 19.3 22.3 10.0 2.5 2 1 4 2 2
-2326.5 8418.0 -16.3 288 0 20.6 17.5 7.5 2.5 4 0 3 2 2
-2654.3 8392.3 -9.1 205 0 23.7 14.3 7.5 2.5 2 0 3 5 5
-2663.0 8453.9 -10.7 8 0 51.1 20.1 12.5 2.5 2 0 5 1 1
-2715.8 8579.6 -10.4 281 0 7.7 40.9 7.5 2.5 2 1 3 5 5
-2694.4 8570.7 -11.0 280 0 7.6 31.8 5.0 2.5 2 1 2 5 5
-2659.6 8521.3 -11.5 3 0 21.0 12.1 7.5 2.5 2 0 3 3 3
-2651.4 8566.1 -12.9 161 0 11.1 16.5 7.5 2.5 2 1 3 2 2
-2635.6 8614.4 -13.9 293 0 29.2 19.5 10.0 2.5 2 0 4 3 3
-2674.3 8584.7 -11.9 9 0 18.0 9.3 5.0 2.5 2 0 2 2 2
-2667.6 8551.3 -11.6 360 0 17.6 17.7 10.0 2.5 2 1 4 4 4
-2690.9 8610.1 -12.0 124 0 12.0 10.5 5.0 2.5 2 0 2 5 5
-2637.6 8694.6 -13.6 25 0 13.0 13.7 7.5 2.5 2 1 3 2 2
-2599.1 8807.4 -13.4 195 0 17.9 19.0 12.5 2.5 2 1 5 2 2
-2588.9 8852.0 -14.6 195 0 19.8 19.8 10.0 2.5 2 0 4 0 0
-2567.1 8892.6 -16.0 99 0 25.9 17.1 10.0 2.5 2 0 4 4 4
-2394.2 8758.3 -17.8 72 0 15.1 13.5 5.0 2.5 2 0 2 5 5
-2772.4 8609.1 -9.0 291 0 18.4 10.0 5.0 0.0 0 0 2 4 4
-2594.9 8905.9 -13.1 302 0 7.8 29.1 7.5 0.0 0 1 3 3 3
-2590.0 8922.3 -13.4 2 0 21.1 19.3 12.5 2.5 2 0 5 3 3
-2666.2 8946.2 -9.0 215 0 20.1 16.6 12.5 2.5 2 0 5 2 2
-2642.3 9088.4 -7.9 3 0 18.4 18.2 12.5 2.5 2 0 5 1 1
-2630.0 9149.2 -8.5 17 0 23.1 14.9 10.0 2.5 4 0 4 2 2
-2606.5 9184.5 -10.6 25 0 13.0 13.7 7.5 2.5 2 1 3 0 0
-2596.0 9211.9 -11.4 22 0 19.3 23.1 10.0 0.0 0 1 4 2 2
-2370.3 9279.0 -18.1 121 0 20.6 22.0 7.5 2.5 2 1 3 5 5
-2321.9 9211.9 -18.4 326 0 13.4 23.7 7.5 2.5 2 1 3 0 0
-2313.2 9246.7 -19.1 110 0 14.6 20.1 7.5 2.5 2 1 3 2 2
-2282.3 9229.2 -19.1 109 0 8.0 16.2 7.5 2.5 2 1 3 3 3
-2258.6 9215.9 -19.2 119 0 5.5 12.3 5.0 0.0 0 1 2 5 5
-2323.5 9369.3 -18.1 215 0 22.7 9.4 7.5 2.5 2 0 3 2 2
-6069.0 2142.9 9.5 282 0 192.2 104.7 12.5 0.0 0 0 5 5 5
-6212.4 1742.5 9.4 102 0 60.2 278.1 12.5 0.0 0 1 5 3 3
-6381.8 1814.5 8.9 102 0 189.5 235.9 10.0 0.0 0 1 4 1 1
