-749.3 -11811.7 -34.2 307 0 10.4 25.7 12.5 2.5 2 1 5 5 5
-601.2 -11750.1 -27.9 88 0 21.4 19.0 10.0 0.0 0 0 4 1 1
-781.8 -11830.8 -33.3 250 0 17.4 12.3 7.5 2.5 2 0 3 0 0
-877.1 -11918.2 -23.1 85 0 12.7 7.9 2.5 2.5 2 0 1 5 5
-719.1 -11833.3 -34.3 178 0 7.1 4.7 7.5 2.5 2 0 3 2 2
-560.4 -11834.5 -34.6 175 0 9.6 7.2 5.0 2.5 2 0 2 5 5
932.9 -11598.7 -80.0 259 0 16.5 7.8 5.0 2.5 2 0 2 4 4
-270.4 -11795.0 -41.5 272 0 15.5 8.7 7.5 0.0 0 0 3 0 0
1027.3 -11567.1 -87.2 273 0 24.7 10.8 10.0 2.5 2 0 4 4 4
1043.2 -11573.3 -84.9 273 0 7.9 16.2 5.0 2.5 2 0 2 0 0
1004.9 -11580.9 -86.0 178 0 6.3 7.7 5.0 2.5 2 0 2 2 2
962.2 -11584.0 -85.5 270 0 9.0 21.6 7.5 2.5 2 0 3 4 4
-392.1 -11754.3 -31.7 359 0 12.1 24.4 12.5 2.5 4 1 5 3 3
1680.6 -4290.3 74.7 48 0 11.4 12.1 10.0 2.5 4 1 4 5 5
5838.2 -5802.8 -62.7 197 0 10.5 23.4 7.5 2.5 4 1 3 2 2
4665.5 -5328.7 -291.3 230 0 10.5 20.1 7.5 2.5 2 1 3 0 0
1213.4 -3983.5 124.1 46 0 11.4 8.5 7.5 2.5 2 0 3 4 4
3448.6 -5823.9 -187.2 272 0 9.2 6.8 7.5 2.5 2 0 3 5 5
5827.9 -5631.7 -85.8 20 0 9.6 22.4 5.0 2.5 2 1 2 2 2
4743.3 -5246.7 -309.5 267 0 7.6 8.0 2.5 2.5 2 1 1 0 0
3489.4 -5834.5 -188.5 290 0 24.7 12.4 15.0 0.0 0 0 6 3 3
5138.5 -5580.5 -126.8 248 0 33.5 10.2 12.5 2.5 2 0 5 3 3
4675.9 -5324.4 -295.1 143 0 17.7 25.3 12.5 2.5 2 1 5 0 0
3458.5 -5794.1 -172.2 84 0 29.3 8.7 7.5 2.5 2 0 3 3 3
5735.4 -5628.3 -58.5 339 0 20.3 17.5 12.5 2.5 2 0 5 2 2
5569.4 -5510.9 -94.6 25 0 17.9 12.7 5.0 2.5 2 0 2 5 5
-929.2 -1052.5 -205.2 332 0 80.9 24.5 12.5 0.0 0 0 5 3 3
38.0 -3202.8 553.9 328 0 49.1 15.0 10.0 2.5 2 0 4 5 5
-6087.6 -3724.3 424.9 32 0 5.1 17.1 5.0 0.0 0 1 2 1 1
-6079.9 -3712.8 425.4 8 0 5.4 15.3 7.5 2.5 2 0 3 3 3
-5783.4 -3512.0 607.1 82 0 7.5 6.7 7.5 2.5 2 0 3 1 1
-26.4 -8187.2 55.6 71 0 16.8 20.2 10.0 2.5 4 1 4 5 5
17.2 -8141.0 46.5 152 0 19.8 9.8 2.5 2.5 2 0 1 4 4
230.2 3692.0 -225.3 169 0 6.2 13.9 2.5 0.0 0 1 1 5 5
91.6 3185.8 -175.1 179 0 33.7 22.9 7.5 0.0 0 0 3 2 2
909.3 3558.4 -89.1 270 0 18.9 5.9 7.5 2.5 2 0 3 4 4
1460.0 3355.1 -74.6 27 0 6.7 11.9 7.5 2.5 2 1 3 4 4
2519.3 4295.3 -200.2 141 0 6.9 20.3 2.5 2.5 2 1 1 3 3
-1986.7 5011.2 -147.7 230 0 17.5 18.8 10.0 2.5 4 1 4 3 3
-3042.7 4086.6 -329.0 276 0 18.2 11.4 5.0 2.5 2 0 2 3 3
-2132.8 -1075.8 71.7 177 0 11.1 19.2 7.5 2.5 2 1 3 5 5
-2071.9 -1059.3 66.0 266 0 21.0 14.7 12.5 2.5 2 0 5 4 4
-4296.6 1845.6 -109.1 6 0 29.7 12.8 12.5 2.5 2 0 5 2 2
-5648.2 1161.8 64.8 113 0 25.0 22.2 10.0 2.5 2 0 4 2 2
-5611.1 1187.5 51.6 270 0 18.9 9.9 2.5 2.5 2 0 1 1 1
-5188.1 1132.8 -10.5 323 0 15.1 7.1 7.5 0.0 0 0 3 0 0
-6079.8 2454.6 -288.3 117 0 29.4 6.7 2.5 2.5 2 0 1 2 2
-6147.7 2488.2 -296.3 110 0 14.7 9.5 2.5 2.5 2 0 1 3 3
6219.8 5413.6 -616.0 194 0 11.8 26.6 12.5 2.5 2 1 5 1 1
