5158.2 11922.1 -45.8 270 0 63.4 23.6 10.0 2.5 2 0 4 2 2
6920.8 -7674.2 24.2 233 0 24.0 22.0 7.5 2.5 2 0 3 1 1
-2829.7 9523.2 -13.8 288 0 103.0 50.1 7.5 0.0 0 0 3 4 4
-3006.2 9482.7 -12.7 196 0 48.0 94.3 10.0 0.0 0 1 4 2 2
-3022.9 9423.4 -11.9 196 0 48.5 92.3 10.0 0.0 0 1 4 0 0
-3041.7 9364.5 -11.4 197 0 48.8 93.1 7.5 0.0 0 1 3 0 0
-3059.6 9303.6 -10.9 197 0 47.8 94.0 7.5 0.0 0 1 3 4 4
-2806.6 9423.6 -13.0 16 0 50.2 104.8 10.0 0.0 0 1 4 3 3
-2823.7 9363.0 -12.2 17 0 48.1 105.4 10.0 0.0 0 1 4 2 2
-3661.4 10104.4 -14.0 273 0 48.2 205.1 7.5 0.0 0 1 3 5 5
-3361.1 9932.2 -14.7 284 0 55.4 75.9 14.0 0.0 0 1 4 2 2
-3294.7 9916.5 -14.8 286 0 55.7 76.4 14.0 0.0 0 1 4 3 3
-3331.6 9780.1 -13.5 105 0 58.8 47.4 14.0 0.0 0 0 4 4 4
-3422.2 9953.0 -14.7 285 0 55.1 79.8 14.0 0.0 0 1 4 4 4
-3458.9 9814.5 -13.4 104 0 57.3 47.0 14.0 0.0 0 0 4 0 0
-3325.2 9728.6 -12.7 286 0 62.6 128.4 14.0 0.0 0 1 4 3 3
-3248.1 9708.9 -13.1 287 0 59.0 129.4 14.0 0.0 0 1 4 4 4
-3510.7 9581.2 -10.7 186 0 49.7 110.2 14.0 0.0 0 1 4 1 1
-3516.6 9522.1 -10.2 185 0 49.8 110.8 14.0 0.0 0 1 4 2 2
-3522.3 9464.0 -9.7 186 0 49.6 105.3 14.0 0.0 0 1 4 0 0
-2968.2 9604.3 -14.2 197 0 49.6 93.0 10.0 0.0 0 1 4 5 5
-2987.5 9544.2 -13.4 197 0 49.0 93.3 12.5 0.0 0 1 5 3 3
-2726.4 9557.7 -14.8 286 0 50.8 49.9 7.5 0.0 0 0 3 0 0
-2726.3 9466.7 -14.0 15 0 47.7 52.1 7.5 0.0 0 1 3 4 4
-2745.6 9405.2 -13.2 17 0 48.5 50.8 10.0 0.0 0 1 4 4 4
-2083.3 9559.9 -18.5 17 0 102.1 65.4 7.5 0.0 0 0 3 5 5
-2476.6 9754.4 -18.0 197 0 82.9 141.9 5.0 0.0 0 1 2 5 5
-3245.7 9527.5 -11.2 16 0 48.6 109.5 14.0 0.0 0 1 4 5 5
-3262.0 9470.7 -11.0 17 0 49.2 110.6 14.0 0.0 0 1 4 5 5
-3278.8 9414.8 -9.7 17 0 48.7 104.0 14.0 0.0 0 1 4 5 5
-2812.6 9583.6 -14.6 287 0 103.6 50.0 10.0 0.0 0 0 4 1 1
-2762.5 9345.8 -12.5 16 0 48.5 52.5 7.5 0.0 0 1 3 2 2
-2780.0 9285.7 -11.9 17 0 47.5 51.2 10.0 0.0 0 1 4 3 3
-2842.2 9304.9 -11.7 17 0 48.5 103.9 10.0 0.0 0 1 4 0 0
-2917.5 9235.4 -11.2 106 0 105.7 48.4 10.0 0.0 0 0 4 5 5
-2798.6 9224.7 -11.4 17 0 48.1 52.6 7.5 0.0 0 1 3 2 2
-2296.2 9114.7 -13.5 287 0 71.4 45.2 10.0 0.0 0 0 4 4 4
-2173.0 9052.4 -13.8 17 0 47.5 86.6 7.5 0.0 0 1 3 2 2
-2813.9 8971.9 -9.4 17 0 32.9 310.6 12.5 0.0 0 1 5 5 5
-2801.5 9016.1 -9.8 17 0 32.2 310.4 12.5 0.0 0 1 5 0 0
-2963.3 8893.4 -7.7 287 0 57.4 107.5 10.5 0.0 0 1 3 5 5
-3083.3 8756.5 -7.4 107 0 48.1 166.0 10.5 0.0 0 1 3 2 2
-1943.2 9140.8 -16.3 106 0 47.9 60.6 12.5 0.0 0 1 5 4 4
-2010.1 9162.0 -16.1 108 0 62.4 59.9 10.0 0.0 0 0 4 2 2
-1970.2 9335.4 -17.5 287 0 39.9 99.4 10.0 0.0 0 1 4 5 5
-1904.0 9315.5 -17.9 286 0 70.9 100.1 7.5 0.0 0 1 3 3 3
-1865.3 9106.1 -16.5 106 0 96.0 47.8 5.0 0.0 0 0 2 2 2
-1850.3 9248.2 -17.5 285 0 47.3 81.1 15.0 0.0 0 1 6 3 3
-1773.1 9184.2 -17.6 16 0 81.8 47.1 10.0 0.0 0 0 4 5 5
-1709.1 7041.8 -3.4 269 0 49.2 157.4 12.5 0.0 0 1 5 2 2
-1886.6 6660.5 -1.2 360 0 73.3 86.5 7.5 0.0 0 1 3 4 4
-1928.3 6540.4 -1.0 90 0 86.7 73.3 10.0 0.0 0 0 4 1 1
-2170.6 7002.3 0.1 359 0 47.2 96.6 10.0 0.0 0 1 4 1 1
-2168.6 6910.5 0.1 360 0 95.9 81.3 10.0 0.0 0 0 4 3 3
-2167.1 6802.6 0.5 360 0 96.1 81.6 10.0 0.0 0 0 4 5 5
-2166.8 6694.7 0.7 359 0 96.6 82.2 7.5 0.0 0 0 3 3 3
6778.6 -6188.8 23.2 317 0 32.3 53.0 10.0 0.0 0 1 4 5 5
-2695.4 6025.2 6.9 180 0 38.7 100.0 12.5 0.0 0 1 5 5 5
-4816.8 4563.2 28.5 46 0 95.8 72.3 12.5 0.0 0 0 5 1 1
-705.1 6045.1 -4.5 179 0 37.1 91.3 10.0 0.0 0 1 4 4 4
4223.2 3723.3 -9.0 31 0 45.6 92.9 5.0 0.0 0 1 2 4 4
6414.2 2428.1 -11.5 211 0 40.4 88.8 10.0 0.0 0 1 4 2 2
6830.3 -7108.9 23.7 45 0 85.8 81.0 10.5 0.0 0 0 3 3 3
4368.7 5122.6 -14.6 201 0 32.1 40.6 10.5 0.0 0 1 3 4 4
-2168.9 6588.7 1.0 1 0 92.0 78.4 10.0 0.0 0 0 4 0 0
-2491.1 6536.0 3.2 90 0 80.4 100.5 10.0 0.0 0 1 4 2 2
-2531.7 6693.9 2.9 180 0 93.3 79.1 10.0 0.0 0 0 4 2 2
-2533.0 6799.4 2.6 179 0 94.7 79.4 7.5 0.0 0 0 3 1 1
-2525.0 6932.0 2.3 195 0 64.4 85.3 10.0 0.0 0 1 4 3 3
-2399.8 6537.9 2.5 89 0 78.7 95.4 12.5 0.0 0 1 5 4 4
-2441.7 6693.7 2.2 179 0 92.3 78.4 10.0 0.0 0 0 4 4 4
-2443.5 6801.3 1.9 180 0 96.1 79.7 7.5 0.0 0 0 3 5 5
-2405.8 6954.7 1.6 269 0 80.4 92.7 7.5 0.0 0 1 3 2 2
-2188.5 7269.3 -0.1 269 0 65.7 228.1 12.5 0.0 0 1 5 3 3
-2399.7 7130.5 1.4 269 0 63.5 151.8 12.5 0.0 0 1 5 3 3
-2297.0 6542.6 1.7 90 0 80.1 93.0 10.0 0.0 0 1 4 3 3
-2257.3 6695.6 1.4 360 0 93.0 81.4 10.0 0.0 0 0 4 5 5
-2259.6 6801.7 1.2 359 0 93.7 80.1 10.0 0.0 0 0 4 1 1
-2259.9 6909.7 0.9 359 0 94.4 80.1 10.0 0.0 0 0 4 4 4
-2312.2 7134.1 0.6 269 0 63.9 152.2 10.0 0.0 0 1 4 3 3
