3799.9 10563.6 -312.9 299 0 81.8 27.0 12.5 0.0 0 0 5 5 5
3857.8 10531.2 -312.2 297 0 25.0 81.6 5.0 0.0 0 1 2 4 4
3997.3 10416.7 -313.1 31 0 98.9 55.5 10.0 0.0 0 0 4 1 1
4960.2 9553.1 -309.8 119 0 19.1 51.9 10.0 2.5 2 1 4 5 5
4845.4 9778.4 -310.7 198 0 47.2 14.1 7.5 2.5 2 0 3 5 5
3990.2 10749.0 -316.5 292 0 24.8 43.0 10.0 0.0 0 1 4 3 3
3727.2 10458.1 -311.7 210 0 42.3 90.0 12.5 0.0 0 1 5 3 3
3865.8 10403.0 -312.7 119 0 73.8 77.7 10.0 0.0 0 1 4 3 3
5040.8 9593.6 -309.5 308 0 22.0 15.5 5.0 2.5 2 0 2 1 1
3961.6 10356.9 -313.3 30 0 21.0 54.0 12.5 2.5 2 1 5 1 1
4918.4 9756.1 -310.8 19 0 63.5 38.0 10.0 0.0 0 0 4 5 5
4863.1 9775.6 -310.8 199 0 52.7 13.3 7.5 2.5 2 0 3 5 5
4152.1 10656.9 -316.7 24 0 43.0 149.8 7.5 0.0 0 1 3 0 0
3934.9 10748.5 -316.4 203 0 40.9 30.0 7.5 0.0 0 0 3 0 0
3884.0 10680.8 -315.3 208 0 66.6 80.9 10.0 0.0 0 1 4 3 3
5012.6 9616.7 -309.7 308 0 41.7 16.5 10.0 2.5 2 0 4 1 1
4926.1 9573.2 -310.1 120 0 20.8 50.9 10.0 2.5 2 1 4 1 1
-558.3 -10864.8 -58.1 211 0 10.2 17.0 7.5 0.0 0 1 3 5 5
-527.5 -10859.3 -57.2 273 0 10.8 18.2 10.0 0.0 0 1 4 4 4
5001.1 -11940.0 293.3 57 0 7.9 6.1 5.0 2.5 2 0 2 3 3
-550.9 -10833.3 -58.4 180 0 13.5 18.4 2.5 2.5 2 1 1 0 0
-592.2 -10905.2 -56.6 148 0 10.0 14.2 5.0 2.5 2 1 2 4 4
-519.3 -10844.7 -56.5 88 0 8.0 20.8 7.5 2.5 2 1 3 1 1
-534.5 -10850.8 -57.3 87 0 9.1 6.1 2.5 0.0 0 0 1 0 0
-571.0 -10933.3 -56.2 143 0 29.2 7.7 5.0 0.0 0 0 2 3 3
-4487.8 10711.5 -309.5 176 0 21.1 11.2 14.0 3.5 4 0 4 1 1
-4558.7 10870.7 -310.1 156 0 15.4 10.0 10.5 3.5 2 0 3 3 3
-5053.8 -5097.9 165.5 314 0 17.9 8.8 5.0 2.5 2 0 2 5 5
-5444.1 -3840.9 218.4 132 0 21.2 20.7 10.0 2.5 2 0 4 4 4
-5150.2 -3868.8 232.7 0 0 15.8 13.3 5.0 0.0 0 0 2 4 4
-5070.7 -3711.0 211.7 90 0 5.9 13.0 7.5 2.5 4 1 3 4 4
-5125.6 -3366.7 226.7 62 0 12.8 19.9 7.5 2.5 2 1 3 2 2
-5600.4 -3215.6 116.6 324 0 20.8 34.2 10.0 0.0 0 1 4 3 3
-5577.6 -3327.0 133.2 256 0 17.7 24.4 12.5 2.5 4 1 5 4 4
-5559.3 -3298.6 138.3 237 0 16.0 18.2 12.5 2.5 2 1 5 5 5
-5521.6 -3375.5 154.7 250 0 16.0 15.8 10.0 0.0 0 0 4 4 4
-5490.1 -3269.6 157.2 84 0 14.6 24.5 12.5 2.5 2 1 5 3 3
-5479.5 -3166.5 153.3 259 0 9.3 32.6 7.5 0.0 0 1 3 4 4
-4936.5 -2907.3 228.8 315 0 29.9 14.8 10.0 0.0 0 0 4 3 3
-4148.6 -1399.6 202.6 136 0 16.4 41.3 12.5 2.5 4 1 5 1 1
-5190.5 -994.7 121.1 12 0 32.9 9.1 7.5 2.5 4 0 3 5 5
-3674.7 -2298.7 94.8 115 0 26.4 14.2 12.5 2.5 2 0 5 3 3
-1707.5 -342.4 -31.3 146 0 18.5 19.1 10.0 2.5 2 1 4 3 3
-1700.6 -313.8 -35.0 205 0 17.6 27.9 7.5 2.5 4 1 3 2 2
-2497.2 -1151.3 47.2 102 0 10.9 21.7 7.5 2.5 2 1 3 1 1
-3914.5 -2729.9 -41.9 112 0 14.1 22.7 12.5 2.5 4 1 5 5 5
-1359.9 -1012.9 45.9 284 0 20.3 21.1 10.0 2.5 4 1 4 2 2
-1358.2 -967.1 45.2 159 0 24.1 17.6 10.0 2.5 2 0 4 4 4
-3379.6 -3079.2 -122.8 283 0 17.8 16.6 12.5 0.0 0 0 5 3 3
-2803.0 -3241.1 -174.1 244 0 20.5 8.2 7.5 0.0 0 0 3 5 5
-2744.9 -3225.2 -177.8 263 0 33.6 13.2 12.5 2.5 2 0 5 1 1
-2306.4 -2345.8 -68.7 53 0 7.9 14.7 2.5 0.0 0 1 1 2 2
-2352.4 -2339.4 -65.1 158 0 10.3 19.3 7.5 2.5 2 1 3 3 3
-2554.2 -2603.5 -124.2 272 0 8.2 25.8 5.0 0.0 0 1 2 0 0
-6482.3 7191.5 -279.5 355 0 48.7 30.3 10.0 0.0 0 0 4 5 5
-6867.1 6343.6 -275.0 174 0 15.4 8.4 10.5 3.5 2 0 3 2 2
