-6943.6 9881.4 -23.6 204 0 119.3 51.1 5.0 0.0 0 0 2 3 3
-6885.6 9944.0 -24.1 114 0 52.0 128.1 12.5 0.0 0 1 5 4 4
5542.1 4011.0 -40.6 159 0 30.3 132.4 7.5 0.0 0 1 3 4 4
-5228.8 10944.3 -24.1 359 0 32.5 47.5 14.0 0.0 0 1 4 3 3
1698.8 -5976.8 -57.4 187 0 28.4 37.5 14.0 0.0 0 1 4 1 1
2234.0 -5900.7 -56.7 4 0 45.7 36.3 14.0 0.0 0 0 4 1 1
-4073.5 10286.9 -23.0 116 0 34.7 104.9 12.5 0.0 0 1 5 4 4
-3059.1 8734.6 -19.8 297 0 123.1 183.7 12.5 0.0 0 1 5 1 1
-3297.5 8600.5 -20.3 116 0 29.3 112.5 10.0 0.0 0 1 4 2 2
-3972.6 10297.6 -24.5 26 0 104.9 34.7 12.5 0.0 0 0 5 0 0
-4126.3 10370.1 -21.9 206 0 104.9 34.7 7.5 0.0 0 0 3 5 5
-3973.9 10035.5 -26.7 295 0 128.4 114.2 12.5 0.0 0 0 5 3 3
-4093.3 10091.5 -25.2 295 0 123.5 114.2 12.5 0.0 0 0 5 2 2
2173.4 -3630.4 -56.4 297 0 35.3 103.0 10.0 0.0 0 1 4 4 4
2306.9 -3815.4 -55.1 117 0 43.6 78.6 7.5 0.0 0 1 3 0 0
6282.5 -3392.8 -69.9 140 0 279.0 253.7 12.5 0.0 0 0 5 5 5
4963.3 -6623.0 60.5 115 0 107.3 107.7 14.0 0.0 0 1 4 4 4
4784.9 -6825.2 -25.4 351 0 8.6 26.2 3.5 3.5 2 1 1 0 0
4760.1 -6845.3 -28.9 340 0 37.0 11.7 3.5 3.5 2 0 1 2 2
1100.7 -6142.2 -58.7 65 0 145.9 51.6 14.0 0.0 0 0 4 0 0
5581.5 5078.2 -13.1 274 0 5.3 11.9 7.5 2.5 2 1 3 1 1
5563.2 5007.1 -15.0 138 0 39.9 9.1 7.5 0.0 0 0 3 2 2
5596.4 5014.9 -14.7 22 0 35.2 9.3 7.5 0.0 0 0 3 3 3
5603.2 5049.1 -13.4 9 0 6.7 27.0 7.5 2.5 2 1 3 4 4
5601.2 5085.8 -12.8 294 0 20.9 7.4 7.5 2.5 2 0 3 1 1
5607.4 5058.7 -13.2 6 0 5.5 30.6 7.5 2.5 2 1 3 3 3
5657.8 5091.6 -13.3 283 0 19.4 51.2 10.0 2.5 2 1 4 0 0
5557.6 5304.9 -14.1 174 0 24.6 6.4 2.5 2.5 2 0 1 1 1
5488.5 5373.8 -14.8 174 0 8.7 32.9 7.5 2.5 2 1 3 3 3
5539.9 5374.9 -15.3 354 0 14.1 8.1 7.5 2.5 2 0 3 2 2
5540.7 5353.7 -14.7 353 0 12.3 50.6 10.0 0.0 0 1 4 0 0
5543.1 5333.9 -14.2 354 0 9.6 50.6 7.5 2.5 2 1 3 3 3
5540.9 5281.2 -12.8 264 0 17.1 14.0 2.5 2.5 4 0 1 0 0
5509.4 5318.2 -13.3 265 0 31.3 7.3 5.0 2.5 2 0 2 3 3
5547.4 5295.3 -13.3 354 0 9.9 24.3 5.0 2.5 2 1 2 4 4
5496.1 5290.3 -12.5 175 0 9.8 24.8 7.5 2.5 4 1 3 2 2
5646.2 5279.4 -15.1 281 0 12.0 16.6 5.0 0.0 0 1 2 1 1
5653.1 5293.6 -17.1 90 0 15.0 52.6 12.5 2.5 2 1 5 3 3
5633.1 5293.9 -16.5 85 0 16.8 48.5 12.5 2.5 2 1 5 0 0
5585.6 5313.6 -14.7 354 0 12.7 12.3 2.5 2.5 2 0 1 2 2
5584.4 5333.6 -15.4 356 0 24.8 12.8 7.5 2.5 2 0 3 1 1
5567.9 5484.3 -18.8 345 0 4.2 17.4 5.0 2.5 2 1 2 0 0
5539.9 5427.7 -16.8 354 0 18.1 14.5 10.0 2.5 2 0 4 2 2
5463.3 5417.7 -16.0 174 0 14.5 53.0 12.5 2.5 2 1 5 0 0
5508.3 5389.6 -15.8 84 0 50.3 14.8 12.5 2.5 2 0 5 5 5
5466.0 5390.0 -14.4 174 0 19.3 14.5 10.0 2.5 2 0 4 5 5
5470.5 5344.9 -13.8 174 0 68.0 11.6 17.5 2.5 2 0 7 2 2
5401.9 5450.0 -15.3 355 0 107.8 11.6 17.5 2.5 2 0 7 1 1
5411.4 5458.2 -15.8 175 0 96.3 10.0 7.5 2.5 2 0 3 1 1
5445.5 5475.4 -16.5 354 0 67.3 9.5 7.5 2.5 4 0 3 0 0
5447.5 5409.6 -14.8 84 0 9.5 29.3 7.5 2.5 2 1 3 2 2
5488.7 5642.5 -21.6 357 0 19.9 11.5 5.0 2.5 2 0 2 3 3
5545.2 5668.0 -23.4 264 0 10.5 17.1 2.5 2.5 4 1 1 5 5
5436.5 5663.5 -22.9 172 0 11.1 33.4 10.0 0.0 0 1 4 1 1
5483.2 5608.6 -21.1 264 0 71.8 67.4 10.0 0.0 0 0 4 5 5
5402.8 2878.8 -49.9 30 0 17.8 49.3 7.5 2.5 2 1 3 3 3
5361.6 2956.8 -50.1 209 0 15.3 44.6 12.5 2.5 2 1 5 3 3
5362.9 2945.1 -50.1 300 0 15.4 45.7 7.5 2.5 2 1 3 4 4
5311.4 2699.3 -48.9 31 0 16.5 55.3 10.0 2.5 2 1 4 0 0
5192.2 2741.1 -49.2 118 0 77.4 30.3 12.5 0.0 0 0 5 0 0
5222.5 2871.1 -50.0 211 0 149.3 26.1 10.0 0.0 0 0 4 0 0
5384.5 4552.1 -36.1 14 0 15.6 18.1 12.5 2.5 2 1 5 2 2
5357.4 4501.4 -36.0 29 0 98.2 9.2 7.5 2.5 2 0 3 1 1
5368.9 4572.2 -35.4 28 0 11.6 53.5 12.5 2.5 2 1 5 1 1
5333.7 4517.0 -35.3 28 0 23.0 65.6 10.0 0.0 0 1 4 4 4
4872.7 4269.1 -38.9 120 0 23.8 99.6 12.5 0.0 0 1 5 5 5
4937.1 4395.0 -34.9 209 0 60.2 22.0 7.5 0.0 0 0 3 4 4
4962.0 4464.1 -34.8 210 0 54.2 33.2 12.5 0.0 0 0 5 4 4
5053.3 4594.9 -34.9 300 0 35.2 110.9 7.5 0.0 0 1 3 3 3
5105.9 4693.6 -36.5 300 0 48.7 96.1 10.0 0.0 0 1 4 0 0
4988.1 4248.0 -35.6 120 0 27.6 81.0 17.5 0.0 0 1 7 2 2
5072.5 4369.8 -33.2 29 0 110.6 34.8 10.0 0.0 0 0 4 1 1
5147.6 4538.6 -32.5 299 0 35.2 105.5 12.5 0.0 0 1 5 2 2
5199.9 4640.3 -34.9 299 0 44.2 97.9 12.5 0.0 0 1 5 0 0
5165.6 4393.3 -32.2 31 0 15.7 52.1 10.0 2.5 4 1 4 0 0
5258.0 4612.9 -33.5 299 0 52.4 27.4 7.5 0.0 0 0 3 1 1
5239.8 4578.4 -33.3 301 0 52.8 30.0 15.0 0.0 0 0 6 3 3
5221.4 4545.4 -32.3 300 0 52.9 27.1 7.5 0.0 0 0 3 5 5
5208.2 4469.0 -32.6 30 0 73.7 52.7 12.5 0.0 0 0 5 4 4
5177.5 4413.6 -32.4 30 0 25.7 54.5 12.5 2.5 2 1 5 3 3
5154.1 4373.1 -32.0 31 0 26.5 52.5 10.0 0.0 0 1 4 0 0
5135.0 4336.5 -31.8 31 0 27.6 53.2 10.0 0.0 0 1 4 0 0
5113.4 4299.9 -33.0 30 0 30.8 53.1 12.5 0.0 0 1 5 3 3
5091.7 4262.0 -34.2 28 0 25.1 52.4 10.0 2.5 2 1 4 4 4
5068.0 4218.7 -35.7 28 0 30.9 54.7 12.5 0.0 0 1 5 4 4
5059.5 4129.4 -37.9 29 0 28.6 89.0 10.0 0.0 0 1 4 0 0
5090.8 4155.2 -36.8 30 0 26.4 105.1 15.0 0.0 0 1 6 5 5
5118.5 4189.0 -35.6 28 0 25.4 38.4 10.0 0.0 0 1 4 4 4
5146.0 4222.0 -33.8 30 0 27.1 45.1 10.0 0.0 0 1 4 4 4
5173.5 4247.0 -33.1 28 0 28.4 57.0 10.0 0.0 0 1 4 1 1
5197.8 4280.3 -32.9 31 0 28.8 63.3 10.0 0.0 0 1 4 5 5
5220.6 4310.5 -33.3 29 0 31.3 69.2 12.5 0.0 0 1 5 1 1
5308.6 4436.0 -34.9 29 0 26.1 85.0 12.5 0.0 0 1 5 2 2
5290.0 4407.2 -34.5 28 0 28.2 80.4 10.0 0.0 0 1 4 3 3
5268.1 4370.9 -34.1 29 0 24.4 81.8 10.0 0.0 0 1 4 0 0
5246.4 4341.9 -33.8 29 0 27.6 76.8 15.0 0.0 0 1 6 4 4
5446.7 4497.1 -38.9 202 0 86.4 123.3 12.5 0.0 0 1 5 2 2
6424.0 4010.1 -41.7 292 0 377.5 84.8 12.5 0.0 0 0 5 1 1
6068.5 4164.3 -42.8 294 0 372.9 91.3 10.0 0.0 0 0 4 4 4
3569.1 2518.9 -37.2 40 0 40.9 8.6 10.5 3.5 2 0 3 3 3
3662.6 2513.6 -37.6 309 0 14.4 16.2 10.5 3.5 2 1 3 1 1
3682.4 2499.8 -40.3 309 0 64.9 112.6 10.5 0.0 0 1 3 5 5
3852.7 2358.5 -38.1 227 0 95.3 29.5 10.5 0.0 0 0 3 5 5
3933.0 2421.8 -38.3 229 0 5.9 25.1 10.5 3.5 4 1 3 0 0
3926.2 2415.2 -38.3 230 0 8.0 20.7 10.5 3.5 2 1 3 4 4
4007.9 2396.8 -38.0 311 0 5.9 24.3 10.5 3.5 2 1 3 2 2
3989.3 2411.3 -37.9 309 0 18.6 7.4 10.5 3.5 2 0 3 0 0
3985.1 2396.9 -37.8 310 0 18.8 20.3 10.5 3.5 2 1 3 4 4
3979.6 2253.0 -37.2 216 0 43.3 13.9 10.5 3.5 2 0 3 4 4
4002.8 2237.3 -37.3 217 0 45.1 12.7 10.5 3.5 2 0 3 4 4
4023.0 2220.9 -37.4 217 0 42.6 15.2 10.5 3.5 2 0 3 4 4
4076.2 2278.3 -38.0 307 0 13.7 43.5 10.5 3.5 2 1 3 4 4
4055.0 2293.5 -37.9 307 0 13.7 42.8 10.5 3.5 2 1 3 0 0
4033.2 2310.0 -37.8 307 0 14.4 43.6 10.5 3.5 2 1 3 3 3
3993.8 2313.4 -37.6 217 0 44.1 13.6 10.5 3.5 2 0 3 3 3
3959.8 2269.5 -37.1 217 0 43.8 15.2 10.5 3.5 2 0 3 0 0
4360.4 2000.7 -39.7 37 0 100.4 175.4 10.5 0.0 0 1 3 5 5
4285.9 1906.7 -38.0 37 0 91.8 172.9 10.5 0.0 0 1 3 3 3
4161.9 2213.9 -38.8 307 0 168.5 101.3 10.5 0.0 0 0 3 2 2
4029.3 2038.6 -37.4 127 0 169.0 94.3 10.5 0.0 0 0 3 2 2
3903.4 2196.0 -36.8 217 0 97.4 94.3 10.5 0.0 0 0 3 5 5
3835.6 1945.4 -33.8 52 0 8.1 27.2 10.5 3.5 2 1 3 0 0
3796.0 2003.0 -34.5 215 0 37.4 36.8 14.0 0.0 0 0 4 2 2
3732.9 1889.4 -32.3 38 0 6.7 22.0 10.5 3.5 2 1 3 0 0
3666.5 2020.1 -34.2 219 0 7.9 8.8 10.5 3.5 2 1 3 2 2
3696.6 2047.1 -35.1 307 0 29.1 23.7 14.0 0.0 0 0 4 1 1
3715.0 2028.7 -34.6 304 0 11.9 22.2 14.0 3.5 2 1 4 5 5
3702.6 2000.0 -34.0 32 0 12.5 17.7 14.0 3.5 2 1 4 5 5
3675.8 1983.3 -33.8 124 0 25.0 19.0 14.0 3.5 4 0 4 5 5
3457.3 1816.2 -35.3 312 0 46.1 12.7 14.0 3.5 2 0 4 0 0
3464.6 1829.1 -34.6 132 0 40.4 12.2 14.0 3.5 2 0 4 4 4
3469.6 1846.5 -34.1 130 0 22.4 13.1 14.0 3.5 2 0 4 5 5
3489.6 1830.9 -34.3 132 0 25.4 13.1 14.0 3.5 4 0 4 2 2
3517.5 1777.4 -35.2 131 0 11.5 18.2 14.0 3.5 2 1 4 1 1
3538.6 1793.0 -34.8 43 0 12.1 47.2 14.0 3.5 2 1 4 0 0
3496.7 1797.6 -35.1 132 0 41.7 14.2 14.0 3.5 2 0 4 2 2
3494.8 1782.4 -35.8 313 0 50.7 13.8 14.0 3.5 2 0 4 4 4
3455.4 1775.2 -36.2 133 0 100.0 13.2 14.0 3.5 2 0 4 2 2
3364.9 1657.1 -39.2 212 0 6.7 20.9 10.5 3.5 2 1 3 5 5
3405.4 1656.4 -39.0 31 0 24.1 13.1 14.0 3.5 4 0 4 1 1
3446.5 1703.9 -37.4 43 0 6.8 39.6 10.5 3.5 2 1 3 5 5
3459.3 1720.6 -37.0 42 0 12.7 29.3 14.0 3.5 2 1 4 3 3
3493.9 1564.6 -40.7 222 0 26.9 10.0 10.5 3.5 4 0 3 5 5
3484.2 1533.8 -41.5 224 0 10.5 19.1 10.5 3.5 2 1 3 3 3
3519.0 1501.0 -41.9 42 0 10.2 18.2 10.5 0.0 0 1 3 5 5
3543.7 1507.8 -42.0 45 0 45.4 9.1 10.5 3.5 2 0 3 1 1
3528.9 1557.1 -41.2 312 0 10.2 35.9 10.5 3.5 2 1 3 1 1
3511.0 1580.1 -40.1 223 0 13.5 8.6 10.5 3.5 2 0 3 0 0
3534.0 1575.3 -40.2 313 0 20.4 7.8 10.5 0.0 0 0 3 5 5
3562.8 1644.1 -38.4 224 0 9.1 10.6 10.5 3.5 2 1 3 3 3
3587.8 1626.8 -39.0 313 0 34.5 11.4 10.5 3.5 2 0 3 0 0
3619.4 1589.8 -39.4 43 0 10.6 28.4 10.5 0.0 0 1 3 2 2
3560.1 1581.0 -39.9 132 0 20.7 11.2 10.5 3.5 2 0 3 1 1
3965.5 1743.7 -34.9 0 0 23.4 20.8 14.0 3.5 2 0 4 0 0
3946.8 1695.9 -36.3 36 0 52.0 23.3 14.0 3.5 2 0 4 1 1
3888.0 1760.3 -35.0 269 0 74.4 22.3 14.0 0.0 0 0 4 0 0
3806.4 1741.2 -35.8 229 0 41.5 23.2 14.0 0.0 0 0 4 2 2
3799.3 1644.3 -37.5 95 0 22.2 27.4 14.0 0.0 0 1 4 2 2
3835.7 1619.7 -37.9 97 0 24.3 24.1 14.0 3.5 2 0 4 4 4
3838.4 1659.3 -37.1 126 0 25.4 61.1 14.0 3.5 2 1 4 3 3
3896.0 1623.4 -38.5 36 0 75.0 24.1 14.0 0.0 0 0 4 4 4
3835.2 1589.2 -39.4 305 0 65.9 15.9 14.0 3.5 2 0 4 3 3
3835.9 1531.2 -40.6 35 0 43.7 12.7 14.0 3.5 2 0 4 2 2
3791.8 1562.0 -40.1 217 0 41.1 16.1 14.0 3.5 2 0 4 0 0
3783.4 1513.6 -41.0 122 0 61.0 11.4 14.0 3.5 2 0 4 5 5
3770.5 1635.7 -38.4 305 0 50.2 15.5 10.5 3.5 2 0 3 1 1
3770.0 1579.5 -39.5 35 0 32.0 14.7 10.5 3.5 2 0 3 2 2
3725.0 1592.4 -39.0 125 0 14.1 31.8 10.5 3.5 4 1 3 2 2
3714.1 1581.8 -40.1 305 0 79.6 17.5 14.0 3.5 2 0 4 0 0
3714.7 1630.8 -38.7 43 0 63.8 15.2 14.0 0.0 0 0 4 5 5
3754.5 1669.4 -37.1 133 0 22.1 49.6 14.0 3.5 2 1 4 2 2
3761.3 1748.2 -35.3 42 0 24.2 14.7 14.0 0.0 0 0 4 2 2
3719.0 1773.2 -35.0 279 0 43.1 15.9 14.0 3.5 2 0 4 0 0
3728.6 1711.3 -36.6 42 0 55.7 16.6 14.0 3.5 2 0 4 2 2
3665.2 1755.5 -35.7 222 0 36.6 16.0 14.0 3.5 2 0 4 3 3
3668.5 1702.1 -37.0 132 0 73.9 16.3 14.0 3.5 4 0 4 3 3
3659.5 1692.8 -37.8 312 0 76.0 30.1 14.0 0.0 0 0 4 5 5
3629.3 1660.3 -38.7 312 0 76.3 30.3 14.0 0.0 0 0 4 3 3
3592.0 1764.3 -35.7 132 0 74.6 31.2 14.0 0.0 0 0 4 3 3
3564.7 1732.2 -36.5 132 0 74.5 31.0 14.0 0.0 0 0 4 2 2
3558.2 1725.9 -37.4 312 0 76.1 31.6 14.0 0.0 0 0 4 1 1
3508.7 1613.9 -39.2 43 0 15.9 40.4 10.5 0.0 0 1 3 3 3
3547.1 1650.3 -38.2 40 0 11.8 8.7 10.5 3.5 2 0 3 5 5
3529.3 1631.5 -38.9 44 0 31.3 7.8 10.5 3.5 2 0 3 3 3
3497.9 1661.2 -38.6 312 0 43.5 17.9 10.5 3.5 2 0 3 2 2
3379.3 1893.4 -35.8 224 0 7.6 5.4 10.5 3.5 4 0 3 4 4
3359.8 1879.4 -36.6 44 0 24.5 17.9 14.0 3.5 2 0 4 2 2
22.5 -6261.7 -59.1 153 0 228.7 96.9 10.5 0.0 0 0 3 0 0
-101.5 -6009.2 -59.8 65 0 171.2 45.1 14.0 0.0 0 0 4 5 5
568.4 -8104.5 -58.1 154 0 131.9 67.5 14.0 0.0 0 0 4 3 3
-135.0 -6269.5 -56.5 153 0 21.4 83.7 49.0 0.0 0 1 14 0 0
-1931.3 -948.5 -50.4 213 0 13.3 30.9 7.5 2.5 2 1 3 3 3
-1944.4 -968.4 -50.2 213 0 15.0 30.8 10.0 2.5 2 1 4 4 4
-1903.2 -1003.6 -50.5 123 0 30.1 13.0 10.0 2.5 2 0 4 1 1
-1883.6 -973.1 -50.6 303 0 28.6 14.0 5.0 2.5 2 0 2 4 4
-1811.1 -1016.5 -51.8 303 0 75.5 60.9 12.5 0.0 0 0 5 2 2
-4976.8 880.6 -47.8 187 0 61.5 17.5 14.0 3.5 2 0 4 2 2
-4937.8 937.6 -48.1 286 0 60.4 17.7 14.0 3.5 2 0 4 0 0
-4753.2 874.7 -48.5 288 0 84.5 48.5 14.0 0.0 0 0 4 0 0
-4770.1 370.7 -46.9 108 0 12.3 29.0 7.5 2.5 2 1 3 2 2
6273.3 1864.6 -43.4 306 0 45.6 191.5 10.0 0.0 0 1 4 5 5
6100.1 1752.6 -42.6 135 0 54.5 15.3 10.0 2.5 2 0 4 2 2
6041.5 1873.5 -43.4 181 0 24.0 21.3 7.5 2.5 2 0 3 2 2
6042.5 1964.1 -44.5 181 0 102.6 22.2 7.5 0.0 0 0 3 3 3
6125.9 1970.5 -44.3 306 0 26.6 18.2 7.5 2.5 2 0 3 4 4
6076.7 1934.5 -44.0 175 0 20.8 38.8 10.0 2.5 2 1 4 5 5
6079.9 1824.1 -43.2 126 0 18.2 35.9 10.0 0.0 0 1 4 3 3
6127.9 1893.7 -43.6 306 0 16.6 24.6 10.0 2.5 4 1 4 1 1
6146.0 1920.6 -43.8 306 0 15.1 27.0 7.5 2.5 2 1 3 5 5
6168.0 1942.5 -44.0 306 0 29.1 19.4 10.0 2.5 2 0 4 3 3
6200.1 1922.1 -43.9 306 0 29.2 20.5 10.0 2.5 2 0 4 2 2
6175.8 1898.2 -43.6 306 0 18.9 52.2 15.0 2.5 2 1 6 3 3
6102.6 1794.8 -43.0 126 0 19.4 46.5 10.0 2.5 2 1 4 0 0
6133.0 1760.2 -42.6 126 0 18.9 26.6 7.5 2.5 2 1 3 5 5
6169.6 1793.9 -42.9 36 0 17.9 34.6 10.0 0.0 0 1 4 2 2
6186.6 1847.6 -43.2 306 0 32.7 17.4 5.0 2.5 2 0 2 4 4
6228.5 1897.8 -43.7 306 0 16.7 50.0 7.5 2.5 2 1 3 3 3
4509.6 3920.2 -47.7 293 0 26.7 72.5 7.5 0.0 0 1 3 2 2
4477.6 3810.4 -47.1 23 0 72.6 28.3 12.5 0.0 0 0 5 5 5
4270.8 3751.6 -46.6 203 0 28.7 62.0 10.0 0.0 0 1 4 0 0
4302.5 3815.7 -46.8 203 0 52.7 112.3 7.5 0.0 0 1 3 0 0
-4016.4 5121.5 28.0 283 0 57.0 38.0 7.5 0.0 0 0 3 5 5
-5709.9 6796.5 -3.0 199 0 130.0 79.9 14.0 0.0 0 0 4 5 5
-4503.6 7143.0 -10.9 31 0 146.7 170.2 10.0 0.0 0 1 4 3 3
-6492.5 -1218.2 -46.3 288 0 27.6 59.1 10.0 0.0 0 1 4 2 2
-6905.3 9746.7 -23.8 213 0 12.1 68.1 2.5 2.5 2 1 1 4 4
-6872.2 9800.5 -23.2 202 0 40.3 68.1 2.5 0.0 0 1 1 5 5
-6810.1 9855.3 -23.1 294 0 64.7 40.5 2.5 0.0 0 0 1 5 5
-6799.9 9877.7 -22.0 113 0 69.0 43.6 2.5 0.0 0 0 1 1 1
-6736.7 9935.2 -22.0 22 0 36.3 66.5 2.5 0.0 0 1 1 0 0
-6651.0 10054.7 -22.2 294 0 16.1 47.5 2.5 2.5 2 1 1 1 1
-6715.7 9988.2 -21.7 23 0 31.9 68.0 2.5 0.0 0 1 1 4 4
-6831.1 10133.4 -22.9 202 0 112.5 153.7 2.5 0.0 0 1 1 5 5
-6482.8 9920.0 -22.9 212 0 80.0 88.0 2.5 0.0 0 1 1 3 3
-6307.2 9382.2 -25.7 121 0 72.0 196.6 2.5 0.0 0 1 1 0 0
-6383.8 9431.5 -25.2 121 0 65.2 186.4 2.5 0.0 0 1 1 1 1
-6356.6 9111.4 -22.6 300 0 67.2 84.4 2.5 0.0 0 1 1 0 0
-6627.2 9217.1 -24.3 211 0 95.5 74.6 2.5 0.0 0 0 1 1 1
-6400.3 9294.6 -24.8 300 0 293.3 98.8 2.5 0.0 0 0 1 5 5
-6586.4 8981.7 -21.8 120 0 303.1 89.9 2.5 0.0 0 0 1 2 2
-4129.3 9512.4 -22.5 27 0 84.3 18.0 2.5 2.5 4 0 1 2 2
-4223.1 10087.9 -22.4 205 0 86.6 12.3 2.5 0.0 0 0 1 3 3
-4230.5 9508.3 -24.5 113 0 124.6 101.4 2.5 0.0 0 0 1 4 4
-4356.6 9567.1 -25.0 116 0 123.4 101.2 2.5 0.0 0 0 1 0 0
-4568.7 9820.2 -22.5 24 0 47.9 14.0 2.5 2.5 2 0 1 4 4
-4530.5 9895.9 -21.3 28 0 53.6 15.0 2.5 2.5 2 0 1 1 1
-4207.6 10343.5 -22.2 5 0 26.8 50.7 2.5 0.0 0 1 1 5 5
-5720.8 10745.5 -22.7 195 0 45.0 6.8 3.5 3.5 2 0 1 3 3
-5684.6 10736.2 -22.5 196 0 34.2 7.5 3.5 3.5 2 0 1 2 2
-5694.8 10698.4 -22.9 196 0 17.9 6.6 3.5 3.5 2 0 1 2 2
-5612.6 10722.0 -22.2 288 0 10.0 18.7 3.5 3.5 2 1 1 3 3
-5659.8 10714.9 -22.9 197 0 79.0 8.2 3.5 3.5 4 0 1 0 0
-5640.5 10659.6 -22.8 116 0 10.9 36.3 3.5 3.5 4 1 1 4 4
-5580.4 10717.3 -22.0 209 0 34.2 7.7 3.5 3.5 2 0 1 1 1
-5607.5 10669.5 -22.9 207 0 54.3 9.6 3.5 3.5 2 0 1 4 4
-5429.8 10634.7 -21.8 203 0 19.6 10.6 2.5 2.5 2 0 1 2 2
-5454.0 10646.4 -21.8 206 0 18.5 13.7 2.5 2.5 2 0 1 3 3
-5483.6 10691.7 -21.5 205 0 13.8 21.7 2.5 2.5 2 1 1 2 2
-5494.3 10668.3 -21.8 206 0 13.5 19.7 2.5 2.5 2 1 1 5 5
-5533.2 10703.6 -22.0 207 0 54.4 8.3 3.5 3.5 2 0 1 2 2
-5568.1 10635.2 -23.0 208 0 50.8 11.1 3.5 3.5 2 0 1 1 1
-5743.3 10677.5 -23.4 200 0 8.3 53.1 3.5 3.5 2 1 1 0 0
-5611.6 10621.0 -23.3 305 0 57.5 9.7 3.5 3.5 2 0 1 0 0
-5663.5 10649.4 -23.3 299 0 35.4 9.5 3.5 3.5 4 0 1 5 5
-5249.9 10227.6 -24.8 90 0 13.8 43.3 3.5 3.5 2 1 1 1 1
-5257.9 10218.8 -25.6 0 0 18.5 53.8 3.5 3.5 2 1 1 3 3
-5285.1 10392.5 -25.0 269 0 71.6 108.2 3.5 0.0 0 1 1 4 4
-5400.1 10275.2 -26.4 178 0 136.6 65.9 3.5 0.0 0 0 1 3 3
-5368.0 10416.0 -24.6 269 0 58.4 51.9 3.5 0.0 0 0 1 4 4
-5799.7 10509.8 -26.2 300 0 51.2 36.7 2.5 0.0 0 0 1 0 0
-5784.7 10537.8 -25.4 299 0 52.1 14.4 2.5 2.5 2 0 1 2 2
-5770.1 10564.2 -25.0 297 0 51.9 12.9 2.5 2.5 2 0 1 2 2
-5752.3 10592.0 -24.6 300 0 54.2 9.6 2.5 2.5 2 0 1 5 5
-5676.4 10259.0 -28.1 208 0 42.9 78.7 3.5 0.0 0 1 1 3 3
-5654.0 10304.7 -27.4 207 0 44.8 83.8 3.5 0.0 0 1 1 1 1
-5658.1 10358.6 -26.7 208 0 27.0 92.0 3.5 0.0 0 1 1 4 4
-5613.5 10424.6 -26.0 205 0 85.6 97.3 3.5 0.0 0 1 1 2 2
-6211.1 10409.0 -24.4 298 0 15.3 72.1 2.5 2.5 4 1 1 5 5
-6245.4 10307.2 -23.8 119 0 43.4 18.1 2.5 2.5 2 0 1 3 3
-6057.4 10346.4 -28.3 119 0 145.9 44.8 2.5 0.0 0 0 1 1 1
-6017.3 10233.7 -27.9 299 0 322.9 49.2 2.5 0.0 0 0 1 0 0
