-1213.3 330.1 -21.7 310 0 13.9 51.0 17.5 3.5 2 1 5 0 0
-1284.9 241.6 -19.6 129 0 12.2 56.1 17.5 3.5 2 1 5 0 0
-1253.9 232.2 -19.4 129 0 13.6 50.9 17.5 3.5 2 1 5 3 3
-1185.2 314.4 -20.9 310 0 14.3 50.1 17.5 3.5 2 1 5 0 0
-1144.8 291.7 -20.2 312 0 11.3 47.6 17.5 3.5 2 1 5 5 5
-1225.3 199.7 -18.1 131 0 13.2 66.3 17.5 3.5 2 1 5 5 5
-1217.9 167.9 -16.1 132 0 12.9 48.2 17.5 3.5 2 1 5 2 2
-1130.7 265.3 -19.3 312 0 11.9 73.7 17.5 3.5 2 1 5 1 1
-1199.6 164.9 -14.4 219 0 8.2 28.6 10.5 3.5 2 1 3 4 4
-1193.5 167.4 -17.3 132 0 6.9 75.2 10.5 3.5 2 1 3 0 0
-1058.2 221.1 -19.4 39 0 18.0 46.0 17.5 0.0 0 1 5 4 4
-1136.4 125.2 -13.6 39 0 13.0 8.0 10.5 3.5 2 0 3 4 4
-1114.8 180.2 -16.6 38 0 24.0 12.9 17.5 3.5 4 0 5 4 4
-1136.1 146.0 -15.0 39 0 31.2 15.3 17.5 3.5 2 0 5 2 2
-1107.2 245.9 -18.8 312 0 14.7 37.6 17.5 3.5 2 1 5 5 5
-1075.6 192.9 -17.8 33 0 39.8 12.5 17.5 3.5 2 0 5 0 0
-1094.2 165.0 -16.0 35 0 18.0 10.8 17.5 3.5 2 0 5 3 3
-1109.9 140.0 -15.2 34 0 32.3 13.3 17.5 3.5 2 0 5 2 2
-1142.1 98.0 -13.8 38 0 13.8 83.2 17.5 3.5 2 1 5 5 5
-1322.8 443.3 -25.1 15 0 35.6 12.8 17.5 3.5 2 0 5 3 3
-1354.0 480.7 -25.6 275 0 14.2 50.3 17.5 3.5 2 1 5 5 5
-1386.6 491.1 -25.7 278 0 12.6 47.5 17.5 3.5 2 1 5 0 0
-1416.4 509.6 -26.1 285 0 15.7 33.6 17.5 3.5 2 1 5 2 2
-1444.9 518.5 -25.5 283 0 14.8 29.8 17.5 3.5 2 1 5 4 4
-1482.6 517.0 -26.4 196 0 36.8 11.6 17.5 3.5 2 0 5 2 2
-1521.0 453.9 -19.0 190 0 46.6 11.8 17.5 3.5 4 0 5 2 2
-1493.2 447.2 -21.5 191 0 35.8 12.7 17.5 3.5 2 0 5 0 0
-1466.8 439.5 -22.9 192 0 48.6 13.6 17.5 3.5 2 0 5 4 4
-1439.6 419.6 -23.1 191 0 46.0 12.5 17.5 3.5 2 0 5 4 4
-1401.8 218.3 -15.7 134 0 12.6 18.3 17.5 3.5 2 1 5 1 1
-1348.0 152.6 -14.2 126 0 46.2 13.9 17.5 3.5 2 0 5 1 1
-1426.3 227.1 -15.5 142 0 37.4 10.8 17.5 3.5 2 0 5 5 5
-1452.0 261.5 -16.1 139 0 39.1 11.9 17.5 3.5 2 0 5 3 3
-1473.5 286.6 -16.0 137 0 11.4 9.4 10.5 3.5 2 0 3 1 1
-1493.0 308.0 -15.5 129 0 15.7 10.7 17.5 3.5 2 0 5 0 0
-1533.2 353.3 -14.9 162 0 13.7 10.5 17.5 3.5 4 0 5 2 2
-1534.7 374.0 -15.7 187 0 15.5 10.1 17.5 3.5 2 0 5 4 4
-1533.0 391.5 -16.6 186 0 13.6 12.3 17.5 3.5 2 0 5 2 2
-1510.7 354.4 -16.5 124 0 12.3 16.4 17.5 3.5 4 1 5 0 0
-1491.9 333.3 -18.4 123 0 13.1 39.5 17.5 3.5 2 1 5 2 2
-1469.3 317.0 -19.0 126 0 10.9 39.4 17.5 3.5 4 1 5 4 4
-1504.4 414.6 -19.7 216 0 11.6 102.2 17.5 0.0 0 1 5 1 1
-1400.3 264.5 -17.0 122 0 11.3 13.2 17.5 0.0 0 1 5 3 3
-1390.6 280.3 -17.6 122 0 11.4 13.9 17.5 3.5 2 1 5 4 4
-1427.3 267.4 -18.1 123 0 11.6 56.3 17.5 3.5 2 1 5 4 4
-1391.3 254.6 -17.7 121 0 7.4 36.8 10.5 3.5 4 1 3 4 4
-1383.5 236.9 -17.8 136 0 9.4 52.3 10.5 3.5 2 1 3 5 5
-1324.0 289.5 -19.5 33 0 10.2 112.0 17.5 3.5 2 1 5 5 5
-1314.3 251.9 -17.9 40 0 22.9 11.3 17.5 3.5 2 0 5 4 4
-1379.8 196.5 -17.0 137 0 10.9 70.0 17.5 0.0 0 1 5 0 0
-1235.2 356.7 -22.2 310 0 12.7 112.4 17.5 3.5 2 1 5 4 4
-1259.6 378.2 -22.5 310 0 11.2 21.6 17.5 3.5 2 1 5 5 5
-1276.5 359.0 -21.6 309 0 11.6 22.4 17.5 3.5 2 0 5 5 5
-1290.5 341.7 -20.9 310 0 11.8 22.8 17.5 3.5 2 0 5 2 2
-1320.3 304.8 -20.0 127 0 10.1 20.3 17.5 3.5 2 1 5 0 0
-1292.9 394.8 -22.8 311 0 16.5 39.8 17.5 3.5 2 1 5 1 1
-1321.6 357.4 -20.8 300 0 12.9 33.6 17.5 3.5 4 1 5 2 2
-1340.6 389.7 -21.9 296 0 13.5 48.7 17.5 3.5 2 1 5 5 5
-1378.8 407.4 -22.2 280 0 11.7 44.3 17.5 0.0 0 1 5 2 2
-1405.0 425.6 -22.7 280 0 13.8 48.0 17.5 3.5 2 1 5 2 2
-1844.1 -590.5 -4.5 107 0 8.7 31.4 10.5 3.5 2 1 3 2 2
-1824.8 -585.2 -4.7 93 0 12.8 32.3 17.5 3.5 2 1 5 0 0
-1805.9 -601.2 -4.9 104 0 11.2 38.0 17.5 3.5 2 1 5 1 1
-1787.2 -591.0 -5.2 103 0 14.0 27.9 17.5 3.5 2 1 5 1 1
-1749.5 -584.6 -5.4 15 0 17.8 22.3 17.5 3.5 2 1 5 4 4
-1733.9 -581.1 -5.7 11 0 36.0 8.2 10.5 3.5 2 0 3 5 5
-1740.5 -558.7 -5.7 12 0 11.7 37.8 17.5 3.5 2 1 5 3 3
-1866.6 -530.1 -4.8 196 0 21.3 37.5 17.5 0.0 0 1 5 0 0
-1757.6 -391.3 -6.1 252 0 20.3 9.1 10.5 3.5 2 0 3 1 1
-1781.8 -462.3 -6.5 141 0 15.0 23.2 14.0 3.5 4 1 4 5 5
-1736.5 -450.3 -6.5 3 0 57.4 9.8 10.5 3.5 2 0 3 5 5
-1775.2 -494.6 -6.3 106 0 45.5 13.7 14.0 3.5 2 0 4 0 0
-1815.8 -483.1 -5.7 106 0 25.1 10.9 14.0 3.5 2 0 4 0 0
-1851.9 -472.3 -5.4 105 0 36.9 9.8 10.5 3.5 2 0 3 5 5
-1536.4 -371.9 -3.1 181 0 12.1 10.5 21.0 0.0 0 0 6 4 4
-1534.4 -405.7 -3.4 184 0 37.8 9.3 10.5 0.0 0 0 3 1 1
-1489.5 -381.5 -3.0 274 0 8.6 48.2 10.5 0.0 0 1 3 3 3
-1525.4 -443.1 -3.6 184 0 24.9 16.5 21.0 0.0 0 0 6 3 3
-1476.5 -446.7 -3.5 4 0 25.1 14.8 21.0 0.0 0 0 6 3 3
-1480.2 -515.2 -4.6 1 0 22.0 14.4 21.0 0.0 0 0 6 2 2
-1529.9 -522.5 -4.5 93 0 13.8 21.7 21.0 0.0 0 1 6 1 1
-1567.8 -510.3 -4.8 182 0 22.0 13.3 21.0 0.0 0 0 6 2 2
-1690.2 -478.1 -6.1 192 0 28.2 12.2 17.5 3.5 2 0 5 2 2
-1691.2 -412.6 -5.3 164 0 8.4 16.0 10.5 3.5 2 1 3 5 5
-1651.6 -377.1 -4.6 255 0 10.7 9.2 10.5 3.5 2 0 3 2 2
-1648.8 -390.3 -4.6 258 0 10.8 8.6 10.5 3.5 2 0 3 4 4
-1694.0 -422.8 -5.4 183 0 7.4 19.6 10.5 3.5 2 1 3 4 4
-1662.1 -441.6 -5.3 181 0 20.4 13.3 17.5 3.5 2 0 5 0 0
-1717.7 -473.5 -6.3 182 0 24.0 13.8 17.5 3.5 4 0 5 0 0
-1695.3 -511.8 -6.4 103 0 23.0 13.4 17.5 3.5 2 0 5 1 1
-1711.2 -435.6 -5.9 180 0 33.8 11.2 17.5 3.5 2 0 5 1 1
-1713.7 -400.1 -5.5 180 0 26.3 8.7 10.5 3.5 4 0 3 4 4
-1694.5 -375.6 -5.2 252 0 21.9 9.3 10.5 3.5 2 0 3 0 0
-1668.6 -368.1 -4.9 253 0 25.0 9.1 10.5 3.5 2 0 3 5 5
-1608.9 -352.1 -4.1 261 0 22.0 24.5 17.5 3.5 2 1 5 0 0
-1573.6 -390.5 -3.8 1 0 21.2 12.3 17.5 3.5 2 0 5 2 2
-1575.9 -424.8 -4.3 13 0 36.3 15.9 17.5 3.5 2 0 5 3 3
-1608.8 -448.8 -4.9 13 0 7.1 29.6 10.5 3.5 2 1 3 5 5
-1646.5 -504.5 -5.6 103 0 10.9 43.1 17.5 3.5 2 1 5 3 3
-1603.1 -482.1 -5.2 13 0 43.3 12.0 17.5 3.5 2 0 5 3 3
-1587.0 -494.6 -5.1 13 0 45.2 8.7 10.5 0.0 0 0 3 4 4
-1642.0 -522.9 -5.9 103 0 34.9 12.2 17.5 3.5 2 0 5 3 3
-1534.4 -839.6 -11.5 103 0 10.4 16.8 17.5 3.5 2 1 5 3 3
-1553.4 -836.2 -11.8 103 0 12.9 16.1 17.5 3.5 4 1 5 2 2
-1506.8 -817.3 -10.3 103 0 14.9 20.6 17.5 0.0 0 1 5 1 1
-1553.0 -750.9 -9.1 103 0 36.7 20.3 17.5 0.0 0 0 5 4 4
-1551.3 -795.7 -10.4 103 0 11.1 19.1 17.5 0.0 0 1 5 0 0
-1531.7 -804.8 -10.3 103 0 10.3 42.9 17.5 3.5 2 1 5 2 2
-1569.5 -786.7 -10.4 103 0 10.4 22.0 17.5 3.5 2 1 5 3 3
-1588.7 -776.6 -10.4 103 0 10.3 20.1 17.5 3.5 2 1 5 0 0
-1612.3 -756.5 -10.5 193 0 16.7 12.4 17.5 3.5 2 0 5 2 2
-1595.7 -726.0 -9.3 193 0 21.5 13.5 17.5 3.5 2 0 5 5 5
-1616.6 -720.9 -9.5 193 0 24.7 15.8 17.5 0.0 0 0 5 5 5
-1639.2 -786.4 -12.2 193 0 35.2 10.7 17.5 3.5 2 0 5 4 4
-1618.6 -783.0 -11.4 194 0 15.4 12.1 17.5 3.5 2 0 5 3 3
-1592.1 -801.0 -11.9 13 0 30.3 11.9 17.5 0.0 0 0 5 4 4
-1575.9 -810.3 -11.8 13 0 23.4 11.0 17.5 3.5 2 0 5 5 5
-1581.6 -840.3 -12.0 14 0 27.7 13.2 17.5 3.5 2 0 5 2 2
-1591.8 -698.9 -8.2 192 0 16.4 15.3 17.5 3.5 2 0 5 0 0
-1582.2 -659.5 -7.0 195 0 17.4 15.2 17.5 3.5 2 0 5 1 1
-1560.7 -676.6 -7.3 197 0 20.7 10.6 17.5 3.5 4 0 5 3 3
-1567.5 -705.2 -8.2 194 0 25.9 10.3 17.5 3.5 2 0 5 4 4
-1526.1 -640.6 -7.0 281 0 9.7 27.9 10.5 3.5 2 1 3 0 0
-1544.2 -619.4 -6.9 285 0 11.1 45.5 17.5 3.5 2 1 5 0 0
-1517.1 -737.2 -8.2 105 0 11.3 57.3 17.5 3.5 2 1 5 1 1
-1502.2 -789.0 -9.3 103 0 11.8 22.5 17.5 3.5 2 1 5 2 2
-1476.6 -794.2 -9.3 103 0 15.7 20.2 17.5 3.5 2 1 5 1 1
-1465.3 -840.4 -10.3 102 0 12.5 35.9 17.5 0.0 0 1 5 1 1
-1431.8 -840.6 -10.2 103 0 12.3 29.4 17.5 3.5 2 1 5 2 2
-1414.0 -796.9 -9.6 12 0 21.4 12.8 17.5 3.5 2 0 5 2 2
-1449.7 -801.1 -9.5 104 0 13.3 21.3 17.5 3.5 2 1 5 2 2
-1447.0 -719.5 -8.1 13 0 6.3 43.2 10.5 3.5 4 1 3 0 0
-1499.4 -756.2 -8.6 105 0 10.3 41.4 17.5 3.5 2 1 5 0 0
-1474.7 -763.0 -8.7 104 0 10.8 43.3 17.5 3.5 2 1 5 3 3
-1449.5 -768.1 -8.9 105 0 11.9 45.4 17.5 3.5 2 1 5 5 5
-1411.7 -755.7 -9.1 14 0 44.7 12.2 17.5 3.5 2 0 5 3 3
-1382.6 -803.7 -10.1 10 0 21.5 14.9 17.5 3.5 2 0 5 1 1
-1375.8 -763.7 -9.6 12 0 41.2 14.2 17.5 3.5 2 0 5 1 1
-1383.5 -691.1 -8.3 1 0 26.2 10.7 17.5 3.5 2 0 5 3 3
-1361.7 -663.7 -7.9 359 0 10.9 12.0 17.5 3.5 2 1 5 4 4
-1375.8 -653.1 -7.6 10 0 9.6 26.1 10.5 3.5 4 1 3 5 5
-1426.6 -710.4 -8.1 15 0 26.2 11.8 17.5 0.0 0 0 5 1 1
-1418.5 -652.0 -7.7 284 0 10.9 42.5 17.5 3.5 2 1 5 4 4
-1431.4 -634.6 -7.1 284 0 39.8 8.4 10.5 3.5 2 0 3 4 4
-1472.8 -660.9 -7.3 285 0 12.3 19.8 17.5 0.0 0 1 5 5 5
-1492.9 -657.9 -7.2 285 0 11.6 21.1 17.5 3.5 2 1 5 2 2
-1491.9 -616.1 -6.4 281 0 29.9 10.1 17.5 3.5 2 0 5 0 0
-1532.0 -607.4 -6.2 281 0 33.3 11.1 17.5 3.5 2 0 5 3 3
-1603.1 -601.5 -6.0 191 0 8.2 7.9 10.5 3.5 2 0 3 5 5
-1593.1 -600.5 -6.0 194 0 10.3 37.4 17.5 3.5 2 1 5 0 0
-2327.1 -1978.8 -14.0 298 0 16.3 29.9 14.0 3.5 2 1 4 3 3
-2306.8 -1983.7 -14.3 299 0 18.2 55.1 14.0 3.5 4 1 4 0 0
-2382.9 -1986.1 -15.4 209 0 78.5 36.4 14.0 0.0 0 0 4 3 3
-2788.9 -3300.5 -17.5 13 0 18.6 60.7 10.0 2.5 2 1 4 0 0
-2896.0 -3326.2 -17.7 103 0 11.0 48.6 12.5 2.5 4 1 5 2 2
-2575.5 -2222.3 -16.7 28 0 11.1 6.3 10.5 3.5 2 0 3 4 4
-2619.8 -2169.1 -15.0 298 0 10.9 21.0 14.0 3.5 4 1 4 3 3
-2641.6 -2164.4 -15.0 206 0 28.3 11.5 14.0 3.5 2 0 4 4 4
-2635.6 -2206.6 -14.9 121 0 44.9 8.0 10.5 3.5 2 0 3 3 3
-2559.1 -2184.1 -15.7 21 0 16.3 15.6 14.0 3.5 2 0 4 5 5
-2718.5 -2283.7 -15.0 119 0 45.2 74.1 10.5 0.0 0 1 3 5 5
-2754.1 -2379.8 -15.7 353 0 17.7 17.1 14.0 3.5 2 0 4 3 3
-2585.2 -2619.4 -14.8 174 0 18.3 17.2 14.0 0.0 0 0 4 2 2
-2575.1 -2636.7 -15.4 261 0 21.3 7.3 10.5 3.5 4 0 3 0 0
-2621.1 -2746.4 -15.3 115 0 13.8 6.3 10.5 3.5 2 0 3 3 3
-2640.1 -2737.0 -15.9 116 0 21.8 26.1 14.0 3.5 4 1 4 0 0
-2532.0 -2743.3 -15.4 29 0 9.5 15.0 10.5 3.5 2 1 3 2 2
-2561.8 -2720.2 -15.4 296 0 35.2 10.2 14.0 3.5 2 0 4 1 1
-2565.5 -2763.3 -15.5 115 0 25.2 14.1 14.0 3.5 2 0 4 4 4
-2611.5 -2740.0 -15.3 116 0 25.4 10.8 14.0 3.5 2 0 4 3 3
-2756.1 -2760.2 -16.1 205 0 16.3 52.8 14.0 0.0 0 1 4 5 5
-2829.6 -3056.4 -15.8 102 0 16.3 12.2 14.0 3.5 2 0 4 2 2
-2803.8 -3079.0 -17.0 295 0 8.2 12.2 10.5 3.5 2 1 3 0 0
-2788.2 -3083.6 -17.3 293 0 11.8 25.3 14.0 3.5 2 1 4 3 3
-2775.8 -3091.4 -17.2 293 0 8.6 12.9 10.5 3.5 2 1 3 0 0
-2711.5 -3107.7 -17.6 114 0 20.0 12.5 14.0 3.5 4 0 4 1 1
-2709.3 -3092.4 -17.4 115 0 32.1 6.8 10.5 0.0 0 0 3 3 3
-2761.0 -3067.6 -17.0 115 0 75.6 7.6 10.5 3.5 2 0 3 4 4
-2796.7 -3068.5 -16.3 116 0 8.7 12.3 10.5 3.5 2 1 3 3 3
-2769.9 -3081.2 -16.9 116 0 17.4 12.7 14.0 3.5 4 0 4 4 4
-2822.5 -3017.3 -15.7 204 0 12.9 71.3 14.0 3.5 2 1 4 0 0
-2757.8 -2855.7 -15.4 203 0 80.7 28.5 14.0 0.0 0 0 4 3 3
-2792.5 -2943.5 -15.6 202 0 75.9 25.3 14.0 0.0 0 0 4 2 2
-2520.8 -2889.7 -16.1 114 0 52.8 16.3 14.0 0.0 0 0 4 5 5
-2565.5 -2868.2 -15.8 113 0 21.2 16.0 14.0 3.5 2 0 4 2 2
-2465.5 -2879.6 -16.1 26 0 25.1 106.5 14.0 0.0 0 1 4 1 1
-2618.8 -2764.6 -15.6 294 0 105.9 71.9 14.0 0.0 0 0 4 2 2
-1040.9 -420.2 -11.4 191 0 7.9 25.9 10.5 0.0 0 1 3 1 1
-1040.5 -441.9 -11.4 99 0 34.7 5.9 10.5 0.0 0 0 3 0 0
-1045.0 -460.8 -11.6 99 0 41.7 9.5 10.5 0.0 0 0 3 4 4
-992.9 -347.7 -11.4 195 0 24.1 13.7 21.0 0.0 0 0 6 5 5
-1016.5 -330.0 -10.7 285 0 11.2 27.7 21.0 0.0 0 1 6 0 0
-1010.9 -385.4 -11.5 195 0 43.9 12.6 21.0 0.0 0 0 6 4 4
-933.5 -292.4 -11.7 15 0 20.9 10.0 21.0 0.0 0 0 6 4 4
-970.7 -311.8 -11.5 195 0 23.6 11.7 21.0 0.0 0 0 6 1 1
-1050.4 -274.8 -10.0 195 0 6.6 32.4 10.5 0.0 0 1 3 2 2
-1047.9 -266.0 -10.0 195 0 7.2 32.6 10.5 0.0 0 1 3 2 2
-1049.9 -253.6 -10.0 195 0 6.2 40.3 10.5 0.0 0 1 3 5 5
-1000.1 -299.5 -11.0 195 0 13.0 24.0 21.0 0.0 0 1 6 5 5
-979.3 -259.4 -10.8 195 0 23.1 11.6 21.0 0.0 0 0 6 1 1
-960.7 -214.6 -10.7 285 0 16.9 20.0 21.0 0.0 0 1 6 1 1
-935.9 -223.2 -11.3 285 0 17.3 32.5 21.0 0.0 0 1 6 0 0
-962.4 -279.6 -11.3 192 0 8.8 14.7 10.5 0.0 0 1 3 1 1
-892.3 -282.6 -12.4 11 0 10.2 52.7 21.0 0.0 0 1 6 2 2
-903.5 -334.7 -12.7 14 0 33.5 17.5 21.0 0.0 0 0 6 1 1
-939.6 -394.4 -12.5 12 0 5.3 32.1 10.5 0.0 0 1 3 1 1
-959.7 -458.2 -13.1 94 0 34.5 6.7 10.5 0.0 0 0 3 4 4
-915.0 -368.2 -12.8 14 0 28.4 11.6 21.0 0.0 0 0 6 1 1
-972.8 -356.3 -11.9 199 0 40.1 13.6 21.0 0.0 0 0 6 5 5
-1186.6 -449.8 -8.8 184 0 11.8 19.6 10.0 0.0 0 1 4 0 0
-1078.5 -463.1 -10.6 356 0 5.0 8.4 10.5 0.0 0 1 3 1 1
-985.6 -441.4 -12.3 100 0 14.0 48.5 21.0 3.5 2 1 6 5 5
1111.2 -1565.3 -20.5 16 0 24.9 14.5 10.5 3.5 2 0 3 3 3
122.5 -889.0 -16.6 280 0 20.9 10.9 14.0 3.5 2 0 4 3 3
154.7 -355.3 -21.7 30 0 13.9 34.7 17.5 3.5 2 1 5 4 4
-41.0 -335.4 -19.5 120 0 23.2 7.2 10.5 3.5 2 0 3 4 4
-94.8 -248.9 -19.5 210 0 6.3 38.6 10.5 3.5 2 1 3 3 3
-93.4 -215.3 -21.4 209 0 49.7 97.9 17.5 0.0 0 1 5 5 5
-54.8 -300.4 -20.0 122 0 20.3 25.6 17.5 3.5 2 1 5 4 4
-81.7 -295.3 -19.1 212 0 9.8 33.8 10.5 3.5 2 1 3 5 5
-59.1 -354.9 -18.9 122 0 31.1 10.3 17.5 3.5 2 0 5 5 5
-79.0 -170.8 -21.9 212 0 19.9 93.3 17.5 0.0 0 1 5 4 4
56.6 -250.6 -21.9 32 0 11.2 58.7 17.5 3.5 2 1 5 2 2
38.4 -249.4 -21.5 302 0 12.3 21.1 17.5 3.5 2 1 5 5 5
18.7 -249.3 -21.4 302 0 14.6 53.4 17.5 3.5 4 1 5 2 2
-31.9 -328.9 -20.4 122 0 17.0 38.4 17.5 3.5 2 1 5 1 1
74.7 -272.9 -21.4 302 0 58.5 20.1 17.5 3.5 2 0 5 3 3
92.6 -377.2 -20.8 32 0 43.5 19.4 17.5 3.5 2 0 5 0 0
39.5 -409.1 -19.9 122 0 11.8 21.8 17.5 3.5 4 1 5 3 3
19.8 -397.1 -19.7 122 0 23.8 18.5 17.5 3.5 2 0 5 3 3
73.4 -338.0 -20.6 32 0 18.2 57.6 17.5 3.5 2 1 5 5 5
34.3 -378.8 -20.3 122 0 24.1 41.6 17.5 0.0 0 1 5 2 2
-28.1 -366.8 -20.7 122 0 21.1 86.8 17.5 0.0 0 1 5 2 2
14.2 -861.2 -16.3 102 0 12.8 44.6 14.0 3.5 2 1 4 4 4
179.1 -890.6 -16.7 240 0 32.0 13.7 14.0 3.5 2 0 4 0 0
148.2 -905.0 -16.7 98 0 26.3 11.2 14.0 3.5 2 0 4 2 2
94.1 -883.7 -16.5 281 0 28.5 11.1 14.0 3.5 2 0 4 4 4
194.8 -782.7 -16.4 103 0 54.6 14.9 14.0 3.5 2 0 4 0 0
145.3 -769.6 -16.2 100 0 35.6 12.8 14.0 3.5 2 0 4 2 2
85.1 -754.5 -16.4 103 0 38.5 14.4 14.0 3.5 2 0 4 3 3
30.9 -744.7 -17.3 104 0 57.2 12.9 14.0 3.5 2 0 4 3 3
-12.9 -736.4 -17.6 184 0 23.8 12.0 14.0 3.5 2 0 4 0 0
-22.9 -775.7 -16.4 194 0 14.4 15.1 14.0 3.5 2 1 4 0 0
14.6 -762.5 -16.6 12 0 25.4 12.6 14.0 3.5 2 0 4 2 2
7.9 -794.8 -16.1 12 0 26.9 10.7 14.0 3.5 2 0 4 2 2
-19.4 -824.4 -16.0 14 0 39.1 13.8 14.0 3.5 2 0 4 0 0
-39.6 -853.7 -16.1 184 0 12.7 10.0 14.0 3.5 2 0 4 5 5
-28.7 -873.4 -16.3 95 0 20.1 10.1 14.0 3.5 2 0 4 0 0
3.6 -866.7 -16.4 280 0 32.9 9.7 10.5 0.0 0 0 3 4 4
48.0 -875.4 -16.5 280 0 50.4 11.8 14.0 3.5 2 0 4 4 4
221.4 -825.3 -16.7 110 0 14.7 50.6 14.0 0.0 0 1 4 4 4
203.4 -858.9 -16.8 200 0 49.6 12.5 14.0 3.5 2 0 4 3 3
198.9 -814.9 -16.6 18 0 34.9 10.6 14.0 3.5 2 0 4 3 3
189.4 -862.1 -16.8 19 0 38.0 12.1 14.0 0.0 0 0 4 4 4
149.2 -880.4 -16.7 101 0 11.9 25.8 17.5 3.5 2 1 5 4 4
121.4 -877.2 -16.6 101 0 15.7 39.5 17.5 3.5 2 1 5 5 5
141.2 -800.9 -16.3 101 0 9.3 23.4 10.5 3.5 2 1 3 0 0
112.0 -794.9 -16.2 101 0 9.8 20.4 10.5 3.5 2 1 3 3 3
106.7 -837.6 -16.6 11 0 58.1 11.2 14.0 3.5 2 0 4 4 4
83.7 -792.3 -16.1 101 0 9.3 23.4 10.5 3.5 2 1 3 5 5
65.3 -871.9 -16.5 101 0 12.3 46.4 14.0 3.5 2 1 4 1 1
74.2 -811.9 -16.2 191 0 22.1 10.6 14.0 3.5 2 0 4 2 2
37.1 -866.6 -16.4 101 0 10.1 57.6 14.0 0.0 0 1 4 4 4
49.5 -780.7 -16.1 191 0 43.6 11.4 14.0 3.5 2 0 4 3 3
42.5 -770.1 -16.3 11 0 23.9 14.7 14.0 3.5 2 0 4 4 4
34.7 -800.5 -16.0 11 0 27.9 13.1 14.0 3.5 2 0 4 1 1
-207.0 -703.6 -17.0 270 0 10.6 46.5 17.5 3.5 2 1 5 0 0
-231.4 -807.3 -17.2 113 0 11.0 51.4 17.5 3.5 2 1 5 3 3
-197.7 -814.1 -17.4 101 0 11.4 49.9 17.5 3.5 2 1 5 0 0
-198.1 -692.5 -16.8 101 0 33.7 13.7 17.5 0.0 0 0 5 2 2
-170.3 -700.8 -17.1 102 0 16.2 13.9 17.5 3.5 2 0 5 5 5
-115.4 -703.3 -17.8 11 0 14.8 43.4 17.5 0.0 0 1 5 0 0
-132.7 -802.7 -17.5 12 0 50.9 14.1 17.5 3.5 2 0 5 4 4
-121.8 -745.0 -17.9 12 0 52.3 13.3 17.5 3.5 4 0 5 5 5
-227.8 -692.0 -16.3 101 0 15.0 19.9 17.5 3.5 4 1 5 1 1
-230.4 -720.1 -16.5 11 0 47.0 12.6 17.5 3.5 2 0 5 0 0
-174.0 -709.0 -17.4 282 0 12.3 50.5 17.5 3.5 2 1 5 1 1
-148.7 -741.1 -17.6 11 0 49.4 9.7 10.5 3.5 2 0 3 5 5
-158.9 -796.1 -17.6 11 0 50.6 10.2 17.5 3.5 2 0 5 3 3
-239.8 -775.9 -16.8 13 0 37.6 15.6 17.5 0.0 0 0 5 3 3
-200.6 -827.5 -17.0 279 0 70.5 12.3 17.5 3.5 4 0 5 4 4
3670.4 3306.2 24.3 153 0 17.1 43.1 12.5 0.0 0 1 5 4 4
