5085.0 6882.6 -78.5 1 0 101.3 100.2 14.0 0.0 0 0 4 5 5
2300.2 3113.2 -58.8 158 0 49.1 79.0 7.5 0.0 0 1 3 3 3
5654.8 7226.0 -80.2 271 0 90.2 118.6 14.0 0.0 0 1 4 4 4
5126.1 7853.9 -79.6 181 0 93.7 128.0 14.0 0.0 0 1 4 0 0
5516.6 8675.7 -84.1 91 0 89.7 100.8 10.5 0.0 0 1 3 4 4
4858.9 7960.5 -78.6 180 0 89.4 113.1 14.0 0.0 0 1 4 0 0
5455.0 8643.2 -83.6 0 0 47.5 89.3 10.5 0.0 0 1 3 1 1
5117.3 7362.9 -79.3 181 0 186.3 116.6 14.0 0.0 0 0 4 5 5
5098.2 7289.4 -78.8 0 0 38.7 23.2 14.0 0.0 0 0 4 5 5
5279.5 9016.2 -83.7 271 0 165.6 209.3 10.5 0.0 0 1 3 2 2
2088.7 -8463.6 -17.5 76 0 46.9 38.7 10.0 0.0 0 0 4 1 1
5764.0 7221.7 -80.8 271 0 59.1 112.3 14.0 0.0 0 1 4 5 5
5121.5 7168.3 -78.9 181 0 149.2 22.9 14.0 0.0 0 0 4 0 0
2114.9 -8371.5 -18.6 346 0 14.5 36.4 10.0 2.5 2 1 4 3 3
5623.9 7262.6 -80.7 91 0 61.3 187.2 17.5 0.0 0 1 5 0 0
5607.8 8592.1 -84.3 91 0 65.0 184.2 10.5 0.0 0 1 3 5 5
5558.5 6880.9 -78.6 270 0 80.6 113.3 10.0 0.0 0 1 4 5 5
5453.0 8447.6 -83.1 270 0 172.6 90.2 14.0 0.0 0 0 4 0 0
2214.6 3340.5 -57.8 159 0 49.4 77.6 7.5 0.0 0 1 3 3 3
2308.5 3310.6 -57.8 340 0 48.6 76.1 7.5 0.0 0 1 3 1 1
5610.2 8239.9 -82.2 91 0 78.0 52.2 14.0 0.0 0 0 4 5 5
5374.7 6820.0 -78.4 181 0 110.8 45.3 7.5 0.0 0 0 3 2 2
2278.5 3170.9 -58.4 159 0 48.2 79.0 10.0 0.0 0 1 4 0 0
2392.8 3094.8 -59.0 338 0 23.4 79.8 12.5 0.0 0 1 5 0 0
5083.1 8252.5 -80.7 91 0 121.2 80.7 14.0 0.0 0 0 4 2 2
4876.6 8389.7 -80.5 272 0 80.0 98.7 14.0 0.0 0 1 4 0 0
5397.9 7951.9 -80.3 1 0 89.5 119.4 14.0 0.0 0 1 4 2 2
4676.2 8314.4 -79.6 181 0 112.7 62.4 14.0 0.0 0 0 4 2 2
5127.8 7957.0 -79.6 181 0 90.6 126.2 14.0 0.0 0 1 4 2 2
5107.0 7957.0 -79.2 1 0 88.8 113.1 14.0 0.0 0 1 4 3 3
5323.3 7266.7 -79.8 91 0 132.6 186.9 17.5 0.0 0 1 5 1 1
5365.9 8729.8 -83.7 181 0 101.9 90.2 10.5 0.0 0 0 3 1 1
4858.5 7856.3 -78.5 181 0 87.9 112.8 14.0 0.0 0 1 4 4 4
5302.8 8601.5 -83.1 90 0 89.3 95.4 10.5 0.0 0 1 3 3 3
5470.6 9011.9 -84.5 271 0 164.5 208.1 10.5 0.0 0 1 3 4 4
2091.7 -8311.5 -19.2 257 0 58.4 44.1 10.0 0.0 0 0 4 5 5
5496.4 7264.3 -80.4 91 0 134.6 186.5 17.5 0.0 0 1 5 1 1
2240.7 3401.9 -57.9 249 0 63.3 14.0 10.0 2.5 4 0 4 1 1
5458.3 6762.7 -78.1 90 0 46.1 13.1 7.5 2.5 2 0 3 1 1
5178.3 7475.9 -79.4 91 0 114.8 174.0 10.5 0.0 0 1 3 0 0
5255.5 8360.5 -82.2 91 0 179.2 70.9 14.0 0.0 0 0 4 4 4
5086.8 8431.8 -81.6 271 0 120.6 69.8 14.0 0.0 0 0 4 3 3
5080.8 7065.7 -78.6 1 0 140.2 138.8 14.0 0.0 0 0 4 4 4
5710.4 8904.6 -85.1 1 0 209.9 133.7 10.5 0.0 0 0 3 5 5
4964.9 8248.0 -80.6 91 0 74.7 134.2 14.0 0.0 0 1 4 1 1
5677.2 8775.7 -84.8 271 0 44.6 177.0 10.5 0.0 0 1 3 3 3
4784.1 8256.4 -79.8 91 0 62.6 113.0 14.0 0.0 0 1 4 4 4
5651.2 8332.4 -82.8 0 0 52.0 77.4 14.0 0.0 0 1 4 1 1
4521.9 8582.1 -80.7 181 0 78.5 298.4 12.5 0.0 0 1 5 1 1
5306.6 6772.3 -78.1 180 0 10.8 49.5 10.0 2.5 2 1 4 3 3
2257.8 3227.4 -58.0 159 0 48.9 78.2 7.5 0.0 0 1 3 5 5
6715.8 4593.9 -71.1 1 0 82.4 90.2 17.5 0.0 0 1 5 2 2
-6655.2 -9921.9 16.6 220 0 29.0 34.0 10.5 0.0 0 1 3 3 3
3255.4 11414.6 -79.3 344 0 76.8 15.1 7.5 0.0 0 0 3 2 2
6083.5 2826.7 -72.0 266 0 7.3 8.4 10.5 3.5 2 1 3 5 5
6236.5 -6956.0 -55.7 156 0 12.5 8.0 5.0 2.5 2 0 2 0 0
6253.0 -6984.6 -55.7 129 0 13.9 7.6 7.5 2.5 4 0 3 3 3
6244.6 -6892.0 -56.1 246 0 9.1 12.4 5.0 2.5 2 1 2 2 2
6269.9 -6938.8 -56.3 110 0 7.6 12.6 7.5 2.5 4 1 3 5 5
6274.5 -6915.4 -56.4 200 0 12.6 7.6 5.0 2.5 2 0 2 4 4
6284.8 -6886.9 -56.7 200 0 12.6 7.6 5.0 2.5 2 0 2 1 1
6276.6 -6852.8 -56.8 204 0 13.9 14.6 2.5 2.5 4 1 1 0 0
6250.3 -6813.1 -56.5 273 0 13.1 9.0 5.0 2.5 2 0 2 3 3
6265.9 -6807.0 -56.7 273 0 13.3 15.2 5.0 2.5 2 1 2 2 2
6281.2 -6807.8 -56.9 273 0 13.3 15.2 5.0 2.5 2 1 2 4 4
6295.7 -6808.7 -57.2 273 0 13.3 15.2 2.5 2.5 4 1 1 2 2
6313.3 -6810.1 -57.4 275 0 15.7 14.8 2.5 2.5 4 0 1 5 5
6337.5 -6832.2 -57.5 342 0 16.1 14.7 10.0 2.5 2 0 4 3 3
6339.3 -6857.9 -57.3 12 0 16.1 14.7 2.5 2.5 2 0 1 5 5
6330.3 -6880.0 -57.1 25 0 16.1 14.7 10.0 2.5 2 0 4 2 2
6324.0 -6897.8 -56.9 23 0 14.3 10.1 7.5 2.5 2 0 3 3 3
6317.7 -6911.7 -56.7 23 0 14.3 10.1 7.5 2.5 2 0 3 2 2
6308.9 -6940.5 -56.0 19 0 12.5 9.1 7.5 2.5 2 0 3 1 1
6304.4 -6953.6 -55.8 19 0 12.5 9.1 7.5 0.0 0 0 3 3 3
6303.8 -6969.7 -55.3 347 0 15.9 8.4 2.5 2.5 2 0 1 3 3
6269.6 -6994.7 -55.7 111 0 13.7 16.4 7.5 2.5 2 1 3 0 0
6283.3 -7000.0 -55.1 111 0 13.7 16.4 10.0 2.5 2 1 4 1 1
6297.2 -7005.6 -54.5 111 0 13.7 16.4 7.5 2.5 2 1 3 3 3
6314.7 -6615.4 -55.0 26 0 22.9 27.6 7.5 2.5 4 1 3 4 4
5996.6 -7466.0 -44.9 97 0 13.1 26.8 12.5 2.5 2 1 5 2 2
6070.8 -7452.0 -47.9 7 0 25.2 14.8 15.0 0.0 0 0 6 4 4
6025.5 -7470.9 -46.4 97 0 13.2 36.7 7.5 2.5 2 1 3 2 2
-1977.8 2999.8 -42.5 78 0 55.1 61.7 7.5 0.0 0 1 3 5 5
526.7 -10094.4 52.9 27 0 8.7 11.4 2.5 2.5 2 1 1 2 2
564.5 -10059.7 68.4 43 0 19.8 10.5 10.0 2.5 2 0 4 0 0
127.0 -10526.9 50.1 183 0 8.4 20.5 2.5 2.5 4 1 1 5 5
250.0 -9106.2 -6.6 99 0 14.9 11.3 5.0 0.0 0 0 2 3 3
267.0 -9107.5 -8.0 96 0 14.6 11.0 7.5 2.5 2 0 3 2 2
305.4 -9106.1 -8.2 84 0 15.2 11.7 7.5 2.5 2 0 3 0 0
349.9 -9094.9 -8.5 168 0 12.3 15.5 7.5 2.5 4 1 3 4 4
384.0 -9086.7 -8.9 166 0 12.3 15.4 5.0 2.5 2 1 2 5 5
455.5 -9040.0 -10.0 202 0 13.8 12.0 5.0 0.0 0 0 2 5 5
459.0 -9023.3 -10.7 183 0 13.9 12.1 7.5 2.5 2 0 3 0 0
217.0 -9089.6 -5.1 135 0 15.2 12.1 2.5 2.5 2 0 1 4 4
179.0 -9013.6 -10.5 29 0 12.6 10.0 7.5 2.5 2 0 3 5 5
201.2 -8974.3 -9.6 102 0 9.6 14.5 7.5 2.5 2 1 3 3 3
246.2 -8932.1 -9.6 304 0 6.7 28.3 2.5 0.0 0 1 1 2 2
330.9 -8991.5 -10.4 213 0 22.8 9.4 2.5 2.5 4 0 1 1 1
242.9 -9004.0 -10.4 123 0 7.0 39.8 7.5 0.0 0 1 3 4 4
276.0 -8944.6 -9.8 210 0 18.6 8.9 7.5 0.0 0 0 3 2 2
253.0 -9011.5 -10.6 122 0 6.1 39.3 7.5 0.0 0 1 3 1 1
251.3 -8959.8 -9.7 33 0 22.0 8.3 7.5 0.0 0 0 3 5 5
424.3 -9010.8 -10.7 195 0 23.1 10.6 7.5 0.0 0 0 3 1 1
251.6 -8898.2 -8.6 89 0 4.4 8.7 5.0 2.5 2 1 2 4 4
328.6 -8860.7 -8.0 1 0 43.5 9.5 7.5 0.0 0 0 3 2 2
240.8 -8895.0 -8.1 48 0 7.1 14.3 2.5 2.5 2 1 1 5 5
