-2433.4 8096.3 -12.2 292 0 23.0 49.0 17.5 3.5 2 1 5 2 2
-2460.5 8029.6 -11.4 110 0 31.1 10.3 17.5 3.5 2 0 5 2 2
-2557.4 8064.8 -11.4 111 0 44.2 47.7 17.5 0.0 0 1 5 5 5
-2513.7 8131.1 -11.9 288 0 27.8 19.8 17.5 3.5 2 0 5 3 3
-2575.1 8146.2 -11.3 292 0 14.0 27.4 17.5 3.5 2 1 5 4 4
-2609.9 8152.1 -11.3 289 0 12.7 42.4 17.5 3.5 2 1 5 5 5
-2614.2 7963.5 -9.4 20 0 48.4 62.1 14.0 0.0 0 1 4 0 0
-2740.9 8046.8 -8.8 293 0 12.2 54.5 14.0 3.5 2 1 4 1 1
-2889.5 8089.4 -10.0 291 0 17.2 44.1 14.0 0.0 0 1 4 3 3
-1277.4 9402.1 -20.2 168 0 20.7 102.6 17.5 0.0 0 1 5 1 1
-443.1 10777.1 -25.5 171 0 194.3 121.0 14.0 0.0 0 0 4 3 3
6720.1 9996.9 -5.7 124 0 117.8 133.3 14.0 0.0 0 1 4 5 5
6798.8 10299.7 -6.9 123 0 119.1 68.1 17.5 0.0 0 0 5 3 3
6927.1 10148.5 -7.0 214 0 73.3 60.0 14.0 0.0 0 0 4 4 4
6655.1 10010.9 -5.5 303 0 244.3 70.6 14.0 0.0 0 0 4 2 2
6751.5 10163.0 -6.5 123 0 246.1 117.6 17.5 0.0 0 0 5 0 0
-1214.1 11726.3 -26.8 340 0 17.6 23.6 17.5 3.5 2 1 5 4 4
-1196.9 11708.8 -26.8 247 0 9.6 20.6 10.5 3.5 2 1 3 1 1
-6683.3 7526.5 -11.2 298 0 73.9 31.0 10.0 0.0 0 0 4 0 0
-1613.3 7678.8 -16.6 292 0 101.5 58.8 17.5 0.0 0 0 5 2 2
803.6 9984.2 -25.1 350 0 320.6 89.1 14.0 0.0 0 0 4 5 5
1277.8 8350.2 -14.7 290 0 134.7 78.9 12.5 0.0 0 0 5 4 4
95.2 9082.8 -16.6 73 0 54.6 107.1 17.5 0.0 0 1 5 3 3
388.0 8862.7 -18.8 111 0 131.1 168.9 14.0 0.0 0 1 4 1 1
698.9 10292.4 -25.8 259 0 98.3 140.6 14.0 0.0 0 1 4 4 4
616.3 9950.1 -24.7 170 0 321.9 66.7 14.0 0.0 0 0 4 4 4
-35.9 9099.6 -15.9 163 0 107.4 54.0 17.5 0.0 0 0 5 0 0
683.3 9186.6 -20.9 288 0 39.0 117.6 14.0 0.0 0 1 4 1 1
535.0 8922.7 -19.3 111 0 35.6 40.3 14.0 0.0 0 1 4 1 1
1296.4 8202.6 -14.4 20 0 84.8 134.7 12.5 0.0 0 1 5 1 1
1172.0 8382.3 -12.3 289 0 61.9 142.3 12.5 0.0 0 0 5 0 0
84.6 9252.2 -17.0 348 0 67.7 163.4 17.5 0.0 0 1 5 1 1
61.4 9367.7 -17.3 348 0 70.2 162.9 17.5 0.0 0 1 5 0 0
597.2 10275.3 -25.4 260 0 76.2 141.4 14.0 0.0 0 1 4 3 3
532.0 8986.1 -19.3 201 0 11.7 40.3 14.0 3.5 2 1 4 0 0
570.0 9659.0 -21.4 260 0 84.1 144.0 17.5 0.0 0 1 5 2 2
348.9 9465.4 -19.7 79 0 135.2 143.8 17.5 0.0 0 1 5 5 5
751.8 9167.3 -21.3 288 0 57.4 123.6 14.0 0.0 0 1 4 1 1
498.7 8824.0 -19.0 111 0 38.4 80.3 14.0 0.0 0 1 4 2 2
1293.3 8991.5 -21.5 200 0 45.3 98.3 14.0 0.0 0 1 4 2 2
1302.4 8616.4 -12.4 19 0 38.8 91.7 17.5 0.0 0 1 5 3 3
1366.8 8776.5 -16.2 290 0 101.2 81.9 17.5 0.0 0 0 5 4 4
1212.3 7980.1 -15.5 21 0 81.7 289.3 14.0 0.0 0 1 4 3 3
1461.3 8894.8 -21.3 110 0 148.5 70.4 14.0 0.0 0 0 4 5 5
-1331.9 8521.8 -11.3 55 0 40.0 33.7 14.0 0.0 0 0 4 0 0
1227.6 8783.7 -17.1 200 0 81.3 72.3 17.5 0.0 0 0 5 5 5
305.2 9402.1 -19.1 258 0 60.6 135.7 17.5 0.0 0 1 5 0 0
180.7 9376.3 -18.3 258 0 60.4 135.3 17.5 0.0 0 1 5 1 1
1136.3 9255.9 -23.3 94 0 94.5 199.6 17.5 0.0 0 1 5 2 2
1574.7 8991.0 -21.8 20 0 64.5 149.4 14.0 0.0 0 1 4 3 3
1381.6 9093.9 -22.0 290 0 97.5 60.3 14.0 0.0 0 0 4 4 4
-5045.2 6812.2 -7.6 240 0 14.0 47.3 7.5 2.5 2 1 3 3 3
517.2 8749.3 -18.7 291 0 94.4 280.0 17.5 0.0 0 1 5 1 1
-28.9 11618.3 -32.3 53 0 31.6 73.2 17.5 0.0 0 1 5 3 3
-38.7 11415.1 -28.1 323 0 52.3 19.2 14.0 0.0 0 0 4 4 4
-104.6 11560.3 -30.9 53 0 32.3 73.9 17.5 0.0 0 0 5 4 4
-108.3 11532.5 -30.4 232 0 50.0 85.5 14.0 0.0 0 1 4 2 2
-877.2 9373.4 -17.0 154 0 63.3 21.0 14.0 0.0 0 0 4 2 2
-1209.3 11745.8 -26.9 253 0 109.4 66.5 17.5 0.0 0 0 5 1 1
-1250.7 10487.4 -21.5 260 0 48.5 33.7 14.0 0.0 0 0 4 2 2
-1066.8 451.7 -7.1 90 0 37.7 87.3 10.0 0.0 0 1 4 5 5
-1172.7 450.3 -7.0 90 0 133.1 43.2 10.0 0.0 0 0 4 5 5
-1314.3 43.3 -6.5 82 0 31.1 58.1 7.5 0.0 0 1 3 0 0
-1374.4 36.1 -6.3 82 0 53.9 24.3 7.5 2.5 2 0 3 2 2
-1440.0 21.7 -6.1 82 0 19.7 81.8 7.5 0.0 0 1 3 0 0
-2477.6 -8830.3 -4.0 69 0 49.8 64.5 10.5 0.0 0 1 3 3 3
-2586.7 -8863.6 -3.9 70 0 79.8 77.2 10.5 0.0 0 0 3 0 0
-2748.0 -8872.2 -3.8 163 0 77.8 83.5 10.5 0.0 0 1 3 1 1
1350.4 -32.5 -12.8 240 0 46.5 94.6 7.5 0.0 0 1 3 4 4
-4311.7 5175.9 -5.8 359 0 74.5 15.1 17.5 3.5 2 0 5 1 1
-4332.7 5174.9 -5.7 359 0 74.6 15.1 17.5 3.5 2 0 5 1 1
-4354.2 5175.7 -5.6 359 0 74.5 15.1 17.5 3.5 2 0 5 5 5
-4309.4 5074.8 -5.4 359 0 78.1 15.1 17.5 3.5 4 0 5 1 1
-4331.2 5075.3 -5.4 359 0 78.1 15.1 17.5 3.5 2 0 5 5 5
-4351.6 5075.6 -5.4 359 0 78.1 15.1 17.5 3.5 2 0 5 1 1
-4431.6 5312.5 -5.6 269 0 60.0 18.3 17.5 0.0 0 0 5 2 2
-4359.2 5313.2 -5.9 269 0 53.5 16.9 17.5 3.5 2 0 5 5 5
-4598.5 4954.7 -3.5 359 0 37.8 32.6 17.5 0.0 0 0 5 3 3
-4632.0 5202.8 -4.8 359 0 66.5 17.2 17.5 3.5 2 0 5 4 4
-4631.0 5122.8 -4.6 359 0 67.1 16.7 17.5 3.5 2 0 5 0 0
-4637.9 5011.6 -4.5 89 0 15.9 66.6 17.5 3.5 2 1 5 5 5
-4581.0 5459.1 -3.2 0 0 36.5 13.0 14.0 0.0 0 0 4 0 0
-4560.5 5460.8 -3.5 0 0 40.3 13.6 14.0 3.5 2 0 4 3 3
-4540.3 5460.3 -3.6 0 0 41.4 14.1 14.0 0.0 0 0 4 1 1
-4538.9 5407.6 -3.5 359 0 46.5 15.7 14.0 3.5 2 0 4 5 5
-4565.2 5385.0 -3.3 89 0 15.7 46.5 14.0 3.5 2 1 4 1 1
-4587.2 5385.0 -3.2 89 0 15.7 46.5 14.0 3.5 2 1 4 4 4
-4615.4 5407.0 -3.2 179 0 46.5 15.7 14.0 3.5 2 0 4 0 0
-4576.0 5357.4 -3.9 89 0 77.2 18.8 14.0 3.5 2 0 4 1 1
-4608.2 5314.1 -4.8 269 0 80.4 24.9 17.5 0.0 0 0 5 2 2
-4521.2 5314.6 -5.2 269 0 71.6 26.1 17.5 0.0 0 0 5 4 4
-4520.9 5254.1 -5.3 89 0 68.7 14.6 17.5 3.5 2 0 5 2 2
-4601.5 5253.6 -5.1 89 0 72.3 14.5 17.5 3.5 2 0 5 5 5
-4681.8 5289.8 -4.7 269 0 24.8 52.4 17.5 3.5 2 1 5 5 5
-4692.8 5182.2 -4.6 179 0 79.0 21.7 17.5 0.0 0 0 5 5 5
-4690.4 5098.9 -4.5 179 0 51.4 24.5 17.5 3.5 2 0 5 2 2
-4676.1 5012.2 -4.4 89 0 24.4 44.0 17.5 0.0 0 1 5 3 3
-4233.1 3003.0 -2.2 1 0 23.2 81.9 17.5 0.0 0 1 5 3 3
-4145.9 3455.9 -3.8 180 0 63.3 116.7 14.0 0.0 0 1 4 2 2
-5461.7 6041.8 -4.4 65 0 219.1 247.1 14.0 0.0 0 1 4 3 3
-6068.1 3314.6 2.8 251 0 49.4 19.5 17.5 3.5 2 0 5 2 2
-6171.4 3258.0 2.9 161 0 20.4 51.5 17.5 3.5 2 1 5 1 1
-6164.3 3308.8 2.8 71 0 46.8 19.3 17.5 3.5 2 0 5 3 3
-6203.3 3356.9 2.7 164 0 47.8 18.9 17.5 3.5 2 0 5 2 2
-6232.1 3368.4 2.7 344 0 36.4 21.2 14.0 0.0 0 0 4 5 5
-6294.4 3359.9 2.7 242 0 36.7 20.4 14.0 0.0 0 0 4 4 4
-6214.7 3308.5 2.8 344 0 23.4 72.5 14.0 0.0 0 1 4 4 4
-6882.4 3971.7 1.1 265 0 14.2 56.8 10.0 2.5 2 1 4 3 3
-2261.0 10582.7 -20.2 179 0 65.8 64.8 17.5 0.0 0 0 5 4 4
-2372.6 10280.0 -19.4 349 0 95.1 48.1 17.5 0.0 0 0 5 0 0
-2121.7 10330.0 -18.6 349 0 65.8 29.8 14.0 0.0 0 0 4 0 0
-5811.4 3342.4 2.0 252 0 14.7 35.0 17.5 3.5 2 1 5 4 4
-5839.6 3336.7 2.0 252 0 13.7 43.7 17.5 3.5 2 1 5 5 5
-5878.5 3293.3 2.1 252 0 60.1 13.0 17.5 0.0 0 0 5 2 2
-5887.2 3319.6 2.0 252 0 61.5 13.4 17.5 3.5 2 0 5 4 4
-5938.6 3328.0 2.3 252 0 13.2 64.8 17.5 3.5 2 1 5 5 5
-5857.4 3355.7 1.8 252 0 108.9 14.0 17.5 3.5 2 0 5 4 4
-4891.8 3542.2 -1.2 160 0 136.6 10.5 14.0 3.5 2 0 4 4 4
-4845.6 3481.4 -1.2 88 0 16.2 55.3 14.0 0.0 0 1 4 2 2
-4815.9 3377.2 -1.1 71 0 33.8 88.1 14.0 0.0 0 1 4 2 2
-4994.7 3311.8 -0.4 251 0 246.7 31.4 14.0 0.0 0 0 4 5 5
-5475.7 3359.4 1.4 257 0 13.4 34.6 17.5 3.5 2 1 5 0 0
-5489.4 3270.8 1.8 66 0 13.1 36.4 17.5 3.5 2 1 5 3 3
-5517.1 3262.0 1.8 76 0 13.9 56.9 17.5 3.5 2 1 5 0 0
-5445.9 3369.3 1.3 257 0 13.1 67.1 17.5 3.5 2 1 5 2 2
-5492.7 3378.0 1.2 257 0 102.3 10.8 17.5 3.5 2 0 5 2 2
-5683.2 3567.7 0.9 263 0 14.2 34.5 17.5 3.5 2 1 5 5 5
-5675.0 3494.4 1.1 83 0 14.2 34.5 17.5 3.5 2 1 5 2 2
-5536.1 3518.7 0.5 73 0 153.5 11.9 17.5 0.0 0 0 5 2 2
-5419.7 3553.3 0.1 72 0 103.8 12.7 17.5 3.5 2 0 5 2 2
-5343.2 3577.5 -0.1 72 0 36.6 13.8 17.5 0.0 0 0 5 5 5
-5428.0 3571.7 0.2 72 0 18.6 20.3 17.5 3.5 2 1 5 5 5
-5437.6 3624.1 -0.0 270 0 42.5 25.5 17.5 0.0 0 0 5 5 5
-5548.3 3602.9 0.4 254 0 18.6 56.5 17.5 3.5 2 1 5 2 2
-6618.0 3548.0 2.1 255 0 13.8 78.4 7.5 2.5 2 1 3 1 1
-6596.4 3419.0 2.2 169 0 60.0 14.8 10.0 2.5 2 0 4 1 1
-6561.2 3319.9 2.3 72 0 14.1 66.0 12.5 2.5 2 1 5 4 4
-6591.1 3303.4 2.3 70 0 12.8 68.6 7.5 0.0 0 1 3 1 1
-6630.9 3409.5 2.2 169 0 71.0 13.2 7.5 0.0 0 0 3 0 0
-6690.0 3571.8 2.0 263 0 15.0 120.0 10.0 0.0 0 1 4 4 4
-6334.2 3203.5 2.7 163 0 11.3 29.2 14.0 3.5 2 1 4 3 3
-6308.7 3191.0 2.8 254 0 11.0 61.5 14.0 3.5 2 1 4 5 5
-6329.7 3184.8 2.8 258 0 8.3 60.2 10.5 3.5 2 1 3 2 2
-6299.8 3108.7 2.9 73 0 29.5 11.7 14.0 3.5 2 0 4 5 5
-6354.3 3144.1 2.7 168 0 100.9 10.8 17.5 3.5 4 0 5 1 1
-6391.5 3221.0 2.7 258 0 9.7 84.0 10.5 0.0 0 1 3 5 5
-6356.6 3052.4 2.8 78 0 10.0 84.3 10.5 3.5 2 1 3 0 0
-6183.7 3103.4 3.0 75 0 52.7 19.9 17.5 3.5 2 0 5 5 5
-6279.4 3087.2 2.9 75 0 138.3 11.6 17.5 3.5 4 0 5 3 3
-6276.9 3073.4 2.9 75 0 132.8 11.2 17.5 3.5 2 0 5 2 2
-6176.1 3168.0 3.0 343 0 53.0 19.1 17.5 3.5 2 0 5 2 2
-6004.1 3337.3 2.4 251 0 44.0 21.3 17.5 3.5 2 0 5 3 3
-5718.1 3055.6 2.9 70 0 146.4 27.6 17.5 0.0 0 0 5 3 3
-6024.2 2788.6 3.5 159 0 48.9 19.5 17.5 3.5 2 0 5 3 3
-6021.0 2737.2 3.5 165 0 11.2 58.4 17.5 3.5 2 1 5 5 5
-5929.6 2755.3 3.6 76 0 58.4 10.3 17.5 3.5 4 0 5 0 0
-5811.2 2852.9 3.7 145 0 13.7 15.7 14.0 3.5 2 1 4 4 4
-5810.2 2907.7 3.7 325 0 32.6 10.0 10.5 3.5 2 0 3 5 5
-5789.1 2877.8 3.7 325 0 32.4 9.4 10.5 3.5 2 0 3 4 4
-5796.5 2977.3 3.6 339 0 10.7 37.1 17.5 3.5 2 1 5 1 1
-5784.8 2945.0 3.6 339 0 48.2 8.7 10.5 3.5 2 0 3 2 2
-5757.1 2892.3 3.7 324 0 31.7 8.9 10.5 3.5 2 0 3 5 5
-5797.2 2910.2 3.6 144 0 101.8 8.6 10.5 3.5 2 0 3 5 5
-5811.4 2764.1 3.8 257 0 60.7 11.6 14.0 3.5 2 0 4 1 1
-5787.4 2801.2 3.8 163 0 60.4 11.6 14.0 3.5 2 0 4 5 5
-5261.5 10866.9 -16.1 56 0 74.6 189.4 17.5 0.0 0 1 5 4 4
-105.3 10725.3 -25.9 349 0 63.4 13.1 17.5 3.5 2 0 5 5 5
-163.3 10783.6 -25.8 84 0 15.3 73.9 17.5 3.5 2 1 5 3 3
353.5 6792.8 -12.1 202 0 119.1 149.1 15.0 0.0 0 1 6 5 5
-2384.8 8040.0 -12.5 201 0 66.8 22.3 14.0 3.5 2 0 4 2 2
-3236.8 8130.3 -13.2 203 0 70.9 97.2 12.5 0.0 0 1 5 4 4
-3019.6 7999.1 -8.8 112 0 20.1 50.8 17.5 3.5 2 1 5 2 2
-200.6 11072.6 -26.8 262 0 32.1 50.8 17.5 0.0 0 1 5 1 1
-247.6 11049.3 -26.6 170 0 16.1 28.6 17.5 3.5 2 1 5 5 5
-170.1 11110.8 -27.0 79 0 55.6 15.5 17.5 3.5 2 0 5 4 4
-130.1 11177.9 -27.3 259 0 19.7 58.6 17.5 3.5 4 1 5 1 1
-189.4 11170.5 -26.8 258 0 14.2 38.9 17.5 3.5 2 1 5 2 2
-149.3 11273.3 -26.3 167 0 42.9 14.6 17.5 3.5 2 0 5 0 0
-94.6 11264.7 -26.6 76 0 14.6 42.2 17.5 3.5 2 1 5 3 3
-319.5 11367.3 -26.0 170 0 15.5 23.2 17.5 3.5 2 1 5 1 1
-273.9 11367.8 -26.2 78 0 18.6 15.8 17.5 3.5 2 0 5 5 5
-238.8 11374.3 -26.4 78 0 28.9 15.3 17.5 3.5 2 0 5 2 2
-174.3 11403.1 -26.7 257 0 12.4 16.3 17.5 3.5 2 1 5 5 5
99.8 10845.0 -26.4 101 0 55.3 26.4 14.0 3.5 2 0 4 4 4
96.1 10883.0 -26.5 192 0 15.8 36.9 14.0 3.5 2 1 4 1 1
238.5 10972.0 -27.1 260 0 12.4 44.5 17.5 3.5 2 1 5 5 5
254.1 10974.9 -27.2 258 0 12.2 42.7 17.5 3.5 2 1 5 2 2
276.9 11060.5 -27.8 178 0 57.6 20.3 17.5 3.5 4 0 5 5 5
287.8 11190.6 -28.4 186 0 86.8 48.6 14.0 0.0 0 0 4 0 0
-111.8 11644.5 -31.5 231 0 58.2 13.4 17.5 3.5 2 0 5 1 1
-257.4 11549.2 -29.2 111 0 9.1 69.6 10.5 3.5 2 1 3 2 2
-231.1 11554.1 -29.6 110 0 22.1 54.0 17.5 0.0 0 1 5 1 1
-189.8 11618.1 -29.9 25 0 21.7 20.7 17.5 3.5 4 0 5 5 5
13.4 11257.3 -27.5 78 0 17.7 16.5 10.0 2.5 2 0 4 2 2
-2346.7 10345.5 -18.1 89 0 18.2 38.6 17.5 3.5 4 1 5 3 3
-2316.8 10378.7 -18.0 181 0 40.2 17.3 17.5 3.5 2 0 5 2 2
-2268.5 10358.8 -17.9 89 0 17.1 41.2 17.5 3.5 2 1 5 2 2
-2116.7 10389.3 -18.0 111 0 23.5 30.4 17.5 0.0 0 1 5 2 2
-2697.0 11048.1 -21.0 162 0 74.8 22.4 14.0 0.0 0 0 4 4 4
-2489.9 10140.2 -20.4 51 0 57.9 15.7 17.5 0.0 0 0 5 2 2
-2165.1 10526.2 -20.3 178 0 42.6 48.0 17.5 0.0 0 1 5 3 3
-2628.3 10989.7 -20.7 348 0 51.5 14.4 17.5 3.5 2 0 5 0 0
-1691.1 7990.6 -11.6 112 0 115.5 20.3 12.5 0.0 0 0 5 3 3
-1057.4 1462.7 -8.0 359 0 109.2 36.4 17.5 0.0 0 0 5 0 0
-1152.6 1546.2 -7.5 262 0 43.6 129.4 17.5 0.0 0 1 5 5 5
-931.3 2922.9 -6.4 288 0 10.7 44.5 17.5 3.5 2 1 5 4 4
-1004.0 2784.3 -6.5 108 0 10.7 44.5 17.5 3.5 2 1 5 4 4
-984.3 2859.6 -6.5 198 0 44.5 10.6 17.5 3.5 2 0 5 4 4
-954.6 2931.6 -6.4 288 0 10.7 44.5 17.5 3.5 2 1 5 0 0
-949.1 2870.4 -6.5 288 0 10.7 44.5 17.5 3.5 2 1 5 3 3
-980.7 2775.6 -6.5 108 0 10.7 44.5 17.5 3.5 2 1 5 1 1
-898.0 2912.8 -6.5 288 0 10.7 44.5 17.5 3.5 2 1 5 4 4
-929.5 2818.0 -6.5 108 0 10.7 44.5 17.5 3.5 2 1 5 0 0
-947.5 2765.5 -6.5 108 0 10.6 44.5 17.5 3.5 2 1 5 5 5
-879.3 2882.7 -6.5 18 0 44.5 10.7 17.5 3.5 2 0 5 3 3
-897.1 2830.2 -6.5 18 0 44.5 10.7 17.5 3.5 2 0 5 4 4
-927.0 2758.1 -6.5 108 0 10.7 44.5 17.5 3.5 2 1 5 2 2
-925.2 2717.2 -6.6 109 0 88.3 13.4 17.5 3.5 2 0 5 3 3
-986.9 2936.7 -6.5 288 0 11.4 76.7 17.5 0.0 0 1 5 0 0
-900.2 2733.7 -6.6 112 0 12.2 74.5 17.5 3.5 2 1 5 1 1
-849.1 2758.7 -6.6 22 0 92.9 10.8 17.5 0.0 0 0 5 1 1
-842.0 2810.3 -6.5 23 0 14.6 39.0 17.5 3.5 4 1 5 1 1
-827.5 2903.6 -6.6 24 0 67.9 12.9 17.5 3.5 4 0 5 2 2
-780.7 3028.5 -6.7 294 0 13.7 82.0 17.5 3.5 2 1 5 3 3
-757.1 2974.3 -6.6 24 0 82.0 13.7 17.5 3.5 2 0 5 4 4
-814.1 3043.2 -6.5 294 0 13.7 82.0 17.5 3.5 2 1 5 3 3
-851.2 3058.6 -6.5 294 0 13.7 82.0 17.5 3.5 2 1 5 1 1
-886.7 3073.9 -6.4 294 0 13.7 82.0 17.5 3.5 2 1 5 2 2
-955.0 3015.3 -6.3 114 0 13.7 82.0 17.5 3.5 2 1 5 5 5
-927.9 2978.4 -6.5 203 0 13.9 88.4 17.5 3.5 2 1 5 1 1
1793.6 3928.5 -15.0 247 0 60.6 201.6 14.0 0.0 0 1 4 0 0
1892.1 4022.2 -14.2 336 0 114.0 25.7 17.5 0.0 0 0 5 3 3
-1179.2 2073.5 -7.2 180 0 69.3 140.7 14.0 0.0 0 1 4 2 2
-478.7 7866.7 -9.8 112 0 12.5 22.9 17.5 3.5 2 1 5 5 5
970.8 7941.4 -15.3 202 0 26.7 9.2 10.5 3.5 2 0 3 1 1
455.8 8164.2 -12.5 16 0 93.4 181.8 10.0 0.0 0 1 4 2 2
769.8 8204.8 -13.6 291 0 286.7 87.1 14.0 0.0 0 0 4 5 5
714.2 8060.3 -14.2 111 0 286.7 67.8 14.0 0.0 0 0 4 0 0
912.9 4739.6 -13.4 31 0 151.6 281.0 17.5 0.0 0 1 5 0 0
4428.7 2394.4 19.8 267 0 64.6 16.5 12.5 2.5 2 0 5 3 3
4191.9 2426.3 8.3 340 0 54.0 25.1 17.5 2.5 2 0 7 2 2
3605.1 9633.5 -2.8 117 0 39.4 112.0 3.5 0.0 0 1 1 1 1
3633.6 9780.3 -3.5 206 0 51.6 91.5 3.5 0.0 0 1 1 1 1
3553.0 9865.6 -0.1 304 0 16.2 45.9 3.5 0.0 0 1 1 4 4
3520.7 9796.4 0.0 34 0 45.9 15.1 3.5 3.5 2 0 1 1 1
3482.5 9732.3 0.2 32 0 76.2 15.5 3.5 0.0 0 0 1 3 3
3404.2 9687.8 0.8 110 0 37.1 17.4 3.5 3.5 2 0 1 0 0
3515.3 9893.4 0.4 304 0 51.2 83.4 3.5 0.0 0 1 1 1 1
3396.1 9922.7 1.7 215 0 78.1 67.3 3.5 0.0 0 0 1 4 4
3281.3 9752.0 2.6 205 0 15.0 18.6 3.5 3.5 2 1 1 3 3
3341.2 9718.1 1.7 113 0 66.8 10.5 3.5 3.5 2 0 1 5 5
3334.4 9827.2 2.0 213 0 94.5 69.9 3.5 0.0 0 0 1 3 3
3086.8 9765.0 -1.6 293 0 22.2 85.8 3.5 0.0 0 1 1 3 3
3059.2 9608.2 0.8 20 0 16.3 37.6 3.5 3.5 2 1 1 3 3
3029.0 9670.4 -1.1 296 0 28.8 40.5 3.5 0.0 0 1 1 3 3
3211.1 9489.4 2.0 296 0 64.8 53.8 3.5 0.0 0 0 1 3 3
3184.8 9597.4 1.9 293 0 26.1 48.1 3.5 0.0 0 1 1 0 0
3089.5 9617.3 0.9 202 0 40.4 24.7 3.5 0.0 0 0 1 0 0
3146.1 9615.2 1.6 291 0 27.4 50.6 3.5 0.0 0 1 1 4 4
3179.1 9688.3 0.7 113 0 104.1 32.3 3.5 0.0 0 0 1 1 1
3114.2 9676.8 -0.1 203 0 30.5 108.2 3.5 0.0 0 1 1 5 5
3016.2 9571.1 -1.8 295 0 142.2 156.2 3.5 0.0 0 1 1 2 2
2801.7 9211.3 -2.3 287 0 33.2 54.4 3.5 0.0 0 1 1 0 0
2766.7 9235.9 -4.3 289 0 43.7 20.1 3.5 3.5 2 0 1 2 2
2600.4 9298.5 -9.4 305 0 16.3 129.2 3.5 0.0 0 1 1 4 4
2498.6 9292.2 -8.0 301 0 99.3 25.3 3.5 0.0 0 0 1 1 1
2456.7 9212.7 -9.2 31 0 11.2 84.5 3.5 0.0 0 1 1 0 0
2274.4 9221.1 -9.8 119 0 30.4 56.7 3.5 0.0 0 1 1 5 5
2238.2 9245.9 -9.4 120 0 31.6 53.0 3.5 0.0 0 1 1 0 0
2198.6 9265.9 -9.2 119 0 32.2 52.7 3.5 0.0 0 1 1 5 5
2159.9 9285.7 -8.9 119 0 29.1 53.3 3.5 0.0 0 1 1 5 5
2121.3 9307.0 -8.6 119 0 32.3 57.2 3.5 0.0 0 1 1 1 1
2278.9 9196.8 -10.5 26 0 20.7 31.2 3.5 0.0 0 1 1 1 1
2220.9 9214.2 -10.2 119 0 30.9 22.0 3.5 0.0 0 0 1 5 5
2182.6 9234.9 -9.9 118 0 33.0 22.8 3.5 0.0 0 0 1 2 2
2143.3 9255.9 -9.7 117 0 31.3 22.1 3.5 0.0 0 0 1 2 2
2104.9 9277.4 -9.5 117 0 33.7 23.2 3.5 0.0 0 0 1 1 1
2112.2 9355.4 -7.5 121 0 6.8 39.9 3.5 3.5 2 1 1 0 0
2058.6 9321.0 -8.7 119 0 9.1 45.8 3.5 3.5 2 1 1 3 3
2022.0 9327.8 -8.9 117 0 54.6 11.0 3.5 3.5 2 0 1 4 4
1989.2 9388.4 -8.0 201 0 17.9 73.8 3.5 3.5 2 1 1 4 4
1971.5 9456.7 -7.0 203 0 36.8 142.9 3.5 0.0 0 1 1 2 2
2160.4 9473.3 -5.8 301 0 11.3 47.7 3.5 3.5 2 1 1 1 1
2129.6 9503.8 -6.1 294 0 39.0 83.2 3.5 0.0 0 1 1 0 0
2182.1 9406.2 -6.9 299 0 75.2 23.1 3.5 0.0 0 0 1 0 0
2347.3 9379.2 -6.9 306 0 10.4 40.3 3.5 0.0 0 1 1 2 2
2321.6 9340.0 -7.5 304 0 14.0 22.6 3.5 3.5 2 1 1 2 2
2343.8 9283.4 -8.2 33 0 14.5 55.2 3.5 0.0 0 1 1 3 3
2266.7 9369.1 -7.6 299 0 74.6 36.5 3.5 0.0 0 0 1 5 5
2405.7 9376.4 -5.9 19 0 11.4 58.5 3.5 3.5 2 1 1 4 4
2294.2 9420.3 -6.4 293 0 76.3 38.5 3.5 0.0 0 0 1 4 4
2289.8 9524.9 -3.4 124 0 68.4 46.3 3.5 0.0 0 0 1 4 4
2210.9 9459.3 -5.9 293 0 74.0 40.5 3.5 0.0 0 0 1 2 2
1754.2 9972.0 -24.4 297 0 129.8 55.2 3.5 0.0 0 0 1 3 3
1893.7 9885.3 -17.6 15 0 9.8 46.1 3.5 3.5 4 1 1 5 5
1931.3 9786.7 -11.6 8 0 9.1 36.2 3.5 3.5 2 1 1 1 1
1934.9 9837.9 -8.8 278 0 9.7 40.5 3.5 0.0 0 1 1 2 2
1893.4 9824.0 -12.5 186 0 39.6 9.2 3.5 3.5 2 0 1 3 3
1844.4 9733.7 -19.0 110 0 52.7 23.6 3.5 3.5 2 0 1 2 2
1750.8 9759.3 -24.6 23 0 10.5 41.6 3.5 3.5 2 1 1 1 1
1776.1 9828.4 -24.4 23 0 10.9 41.3 3.5 0.0 0 1 1 1 1
1623.7 9918.8 -24.6 205 0 11.8 54.8 3.5 3.5 2 1 1 3 3
1671.5 9822.3 -24.7 206 0 53.8 18.6 3.5 3.5 2 0 1 0 0
1636.4 9714.3 -24.7 292 0 196.7 29.9 3.5 0.0 0 0 1 1 1
1504.6 9664.4 -24.4 202 0 41.3 196.5 3.5 0.0 0 1 1 1 1
1264.5 9428.2 -23.5 273 0 127.7 153.0 3.5 0.0 0 1 1 5 5
1430.4 9217.7 -22.8 108 0 51.0 78.8 3.5 0.0 0 1 1 1 1
961.6 9398.5 -23.4 197 0 124.2 109.8 3.5 0.0 0 0 1 1 1
821.6 9636.6 -23.3 170 0 122.3 108.3 3.5 0.0 0 0 1 5 5
701.2 9674.6 -22.3 261 0 103.2 119.7 3.5 0.0 0 1 1 0 0
711.0 9378.7 -21.4 1 0 60.2 9.3 3.5 3.5 2 0 1 4 4
744.5 9332.0 -21.5 1 0 87.5 19.0 3.5 0.0 0 0 1 4 4
792.0 9502.7 -22.5 270 0 120.4 104.4 3.5 0.0 0 0 1 1 1
657.9 9475.5 -21.4 257 0 31.7 35.9 3.5 0.0 0 1 1 0 0
686.1 9296.0 -21.1 79 0 16.6 119.7 3.5 0.0 0 1 1 2 2
600.3 9295.8 -20.9 77 0 127.0 64.9 3.5 0.0 0 0 1 5 5
563.2 9465.7 -21.1 258 0 123.6 61.5 3.5 0.0 0 0 1 5 5
425.2 9438.0 -20.2 259 0 127.5 60.7 3.5 0.0 0 0 1 0 0
391.0 9288.7 -20.0 168 0 62.1 125.6 3.5 0.0 0 1 1 3 3
407.8 9091.5 -18.8 196 0 48.1 17.9 3.5 3.5 2 0 1 5 5
579.9 9200.3 -20.3 287 0 66.0 185.0 3.5 0.0 0 1 1 2 2
500.4 9130.0 -19.6 290 0 40.5 93.9 3.5 0.0 0 1 1 4 4
819.1 9146.8 -21.6 20 0 34.0 17.0 3.5 0.0 0 0 1 4 4
797.1 9068.5 -21.4 18 0 98.9 19.0 3.5 0.0 0 0 1 0 0
757.0 8958.3 -20.8 21 0 75.1 42.8 3.5 0.0 0 0 1 4 4
720.2 8982.2 -20.7 22 0 89.6 41.1 3.5 0.0 0 0 1 0 0
653.7 9007.6 -20.3 21 0 89.5 43.4 3.5 0.0 0 0 1 5 5
579.4 8910.9 -19.5 110 0 15.2 55.3 3.5 3.5 2 1 1 0 0
555.2 8813.1 -19.2 105 0 19.3 90.1 3.5 0.0 0 0 1 5 5
562.9 8782.0 -19.2 106 0 60.3 27.5 3.5 0.0 0 0 1 0 0
632.5 8828.8 -20.0 108 0 93.0 59.3 3.5 0.0 0 0 1 0 0
781.2 8818.0 -19.2 197 0 67.0 141.7 3.5 0.0 0 1 1 5 5
1055.6 8616.6 -14.2 17 0 36.8 149.6 3.5 0.0 0 1 1 0 0
1036.8 8564.0 -13.2 16 0 42.8 147.4 3.5 0.0 0 1 1 3 3
751.6 8716.2 -17.0 199 0 37.7 140.3 3.5 0.0 0 1 1 3 3
734.3 8655.7 -15.9 197 0 44.1 139.4 3.5 0.0 0 1 1 3 3
704.1 8565.8 -14.2 198 0 37.3 141.6 3.5 0.0 0 1 1 0 0
845.3 8441.9 -10.3 199 0 6.1 58.0 3.5 3.5 2 1 1 4 4
950.9 8396.3 -10.1 109 0 51.3 124.4 3.5 0.0 0 1 1 2 2
326.4 8598.9 -17.9 112 0 67.9 155.3 3.5 0.0 0 1 1 3 3
5826.5 10666.6 -7.4 212 0 43.5 214.4 2.5 0.0 0 1 1 5 5
5803.3 10591.0 -7.1 214 0 69.9 193.8 2.5 0.0 0 1 1 1 1
5756.4 10627.1 -11.6 30 0 104.8 193.4 3.5 0.0 0 1 1 1 1
5689.4 10406.0 -6.0 206 0 42.3 15.6 3.5 0.0 0 0 1 5 5
5878.7 10722.6 -8.5 212 0 36.7 205.8 2.5 0.0 0 1 1 5 5
6334.9 10684.1 -8.7 302 0 105.1 83.8 2.5 0.0 0 0 1 5 5
6229.9 10753.1 -8.4 303 0 118.7 85.0 2.5 0.0 0 0 1 0 0
6305.8 10536.1 -8.2 33 0 88.7 105.9 2.5 0.0 0 1 1 2 2
6175.8 10670.6 -8.2 303 0 117.7 86.4 2.5 0.0 0 0 1 3 3
6251.1 10454.2 -7.8 33 0 82.9 103.9 2.5 0.0 0 1 1 5 5
6149.7 10520.6 -7.7 33 0 93.5 118.6 2.5 0.0 0 1 1 0 0
6194.3 10370.8 -7.3 34 0 87.2 102.2 2.5 0.0 0 1 1 5 5
6072.4 10260.6 -6.6 121 0 72.9 15.4 2.5 2.5 2 0 1 4 4
6144.4 10294.0 -6.9 32 0 69.4 102.5 2.5 0.0 0 1 1 2 2
6020.0 10433.3 -7.2 122 0 114.2 81.2 2.5 0.0 0 0 1 4 4
5953.4 10328.4 -6.7 124 0 113.0 106.7 2.5 0.0 0 0 1 4 4
5669.4 10361.4 -5.8 209 0 45.3 9.4 3.5 3.5 4 0 1 5 5
5396.9 10269.2 -12.2 118 0 57.7 110.6 3.5 0.0 0 1 1 1 1
5529.7 10337.5 -8.2 22 0 13.2 51.8 3.5 0.0 0 1 1 3 3
5592.1 10283.8 -6.7 27 0 48.1 69.3 3.5 0.0 0 0 1 0 0
5556.7 10222.7 -10.1 27 0 93.1 121.6 3.5 0.0 0 0 1 4 4
5510.0 10584.4 -11.5 295 0 49.6 196.2 3.5 0.0 0 1 1 5 5
5562.3 10490.3 -8.0 296 0 92.6 66.5 3.5 0.0 0 0 1 4 4
5747.5 10507.9 -6.6 213 0 64.7 191.7 2.5 0.0 0 1 1 0 0
5751.1 10391.3 -6.1 298 0 65.9 13.4 3.5 3.5 4 0 1 2 2
5658.4 10422.8 -5.9 43 0 13.6 53.4 3.5 3.5 2 1 1 0 0
5618.9 10347.1 -5.6 28 0 68.3 49.7 3.5 0.0 0 0 1 0 0
5849.8 10302.4 -6.0 300 0 24.3 131.7 3.5 0.0 0 1 1 3 3
5808.2 10325.2 -6.0 301 0 57.4 64.1 3.5 0.0 0 1 1 1 1
5702.0 10269.3 -5.6 215 0 46.9 18.9 3.5 3.5 4 0 1 4 4
5731.9 10253.4 -5.6 215 0 44.3 56.1 3.5 0.0 0 1 1 1 1
5691.9 10360.9 -5.9 214 0 69.5 68.9 3.5 0.0 0 0 1 2 2
5626.3 10272.2 -5.4 216 0 12.8 62.5 3.5 3.5 2 1 1 4 4
5648.0 10111.2 -5.2 121 0 164.2 101.6 3.5 0.0 0 0 1 1 1
5810.1 10043.8 -5.3 119 0 25.1 98.3 3.5 0.0 0 1 1 2 2
5769.2 10066.9 -5.2 119 0 36.6 78.9 3.5 0.0 0 1 1 5 5
5932.4 10253.0 -6.2 302 0 125.7 117.0 3.5 0.0 0 0 1 3 3
5846.6 10023.1 -5.4 117 0 27.3 98.6 3.5 0.0 0 1 1 2 2
5916.7 10084.0 -5.5 295 0 24.9 93.2 3.5 0.0 0 1 1 1 1
5953.3 10059.5 -5.5 299 0 20.5 89.5 3.5 0.0 0 1 1 0 0
5923.2 9907.1 -5.0 120 0 9.8 38.0 3.5 3.5 2 1 1 4 4
5898.4 9927.1 -5.0 132 0 40.7 14.8 3.5 3.5 2 0 1 3 3
5841.0 9970.9 -5.0 133 0 74.8 22.6 3.5 0.0 0 0 1 1 1
6116.9 9783.9 -2.3 121 0 21.7 83.5 3.5 0.0 0 1 1 5 5
6087.4 9797.4 -3.0 122 0 12.7 90.6 3.5 3.5 2 1 1 3 3
6034.0 9833.0 -4.7 122 0 82.6 86.6 3.5 0.0 0 1 1 2 2
5979.1 9997.8 -5.5 29 0 101.2 21.0 3.5 0.0 0 0 1 1 1
6048.9 10164.4 -6.2 34 0 17.0 51.8 3.5 3.5 2 1 1 0 0
6267.9 9868.2 -5.6 32 0 93.6 221.8 3.5 0.0 0 1 1 0 0
6149.5 10096.1 -6.2 213 0 15.9 46.0 3.5 3.5 2 1 1 5 5
6409.0 9919.0 -4.8 29 0 61.2 63.3 3.5 0.0 0 1 1 0 0
6320.1 10017.4 -3.9 299 0 61.5 20.0 3.5 3.5 2 0 1 0 0
6304.2 9990.9 -4.1 302 0 72.6 60.5 3.5 0.0 0 0 1 4 4
6251.3 10058.7 -5.5 303 0 65.7 93.4 3.5 0.0 0 1 1 5 5
6646.2 10311.4 -8.3 34 0 117.4 242.2 3.5 0.0 0 1 1 3 3
6362.9 10320.5 -7.6 213 0 131.4 108.5 3.5 0.0 0 0 1 1 1
6502.1 10074.1 -6.9 32 0 68.4 249.1 3.5 0.0 0 1 1 0 0
6848.2 10038.2 -6.0 213 0 52.5 11.0 3.5 3.5 2 0 1 4 4
6911.7 10034.6 -6.2 304 0 14.5 55.9 3.5 3.5 4 1 1 0 0
6875.7 9930.6 -5.8 215 0 58.5 12.0 3.5 3.5 2 0 1 5 5
6805.8 9918.9 -5.3 302 0 24.6 12.1 3.5 3.5 2 0 1 5 5
6759.9 9902.2 -5.1 215 0 52.8 11.9 3.5 3.5 2 0 1 0 0
6816.1 9994.0 -5.7 212 0 16.3 60.4 3.5 3.5 2 1 1 2 2
6797.1 9961.0 -5.5 215 0 13.1 60.1 3.5 3.5 2 1 1 5 5
6927.7 9750.7 -5.5 33 0 15.7 63.9 2.5 2.5 2 1 1 1 1
-4295.7 9584.5 -14.2 87 0 17.7 63.2 14.0 3.5 4 1 4 3 3
-4282.9 9704.7 -14.8 87 0 31.5 79.6 14.0 0.0 0 1 4 2 2
-4451.0 9590.2 -13.9 27 0 70.6 29.2 17.5 0.0 0 0 5 2 2
-4403.0 9669.8 -14.7 27 0 71.2 36.2 17.5 0.0 0 0 5 3 3
-6833.8 9761.4 -13.1 62 0 28.6 58.7 17.5 0.0 0 1 5 0 0
-6769.8 9781.9 -14.8 243 0 20.7 56.4 17.5 3.5 2 1 5 0 0
-6906.6 9661.9 -12.8 241 0 17.6 47.7 17.5 3.5 2 1 5 1 1
-6882.9 9664.7 -12.6 151 0 17.1 40.3 17.5 3.5 2 1 5 0 0
-6935.9 9730.7 -13.2 242 0 28.0 47.4 17.5 0.0 0 1 5 2 2
-6926.6 9787.8 -13.3 152 0 47.0 29.2 17.5 0.0 0 0 5 2 2
-6868.1 9739.7 -12.9 333 0 48.3 28.2 17.5 0.0 0 0 5 5 5
-6509.2 9897.1 -13.2 246 0 7.1 43.9 10.5 3.5 2 1 3 2 2
-6521.0 9935.1 -13.3 244 0 17.0 36.4 14.0 3.5 4 1 4 3 3
-6491.6 9941.5 -13.2 246 0 28.4 29.9 14.0 0.0 0 1 4 5 5
-6475.5 9905.8 -13.3 245 0 28.2 29.6 14.0 0.0 0 1 4 0 0
-6416.4 9935.5 -13.4 336 0 41.4 5.8 10.5 3.5 2 0 3 0 0
-6328.2 10070.1 -13.7 67 0 91.2 15.0 14.0 3.5 2 0 4 0 0
-6343.2 10195.2 -13.6 330 0 57.4 17.7 14.0 3.5 2 0 4 0 0
-6285.8 10142.6 -13.8 329 0 60.7 12.1 14.0 3.5 2 0 4 1 1
-6354.5 10268.2 -14.3 330 0 59.4 13.3 14.0 3.5 2 0 4 5 5
-6382.3 10235.4 -14.3 329 0 28.9 17.5 14.0 3.5 2 0 4 5 5
-6438.7 10200.6 -14.7 151 0 30.0 18.9 14.0 3.5 4 0 4 1 1
-6325.4 10136.5 -13.7 330 0 30.9 18.7 14.0 3.5 2 0 4 2 2
-6369.4 10096.8 -13.5 59 0 18.6 31.5 14.0 3.5 2 1 4 2 2
-6413.3 10071.0 -13.5 152 0 51.6 15.5 14.0 3.5 2 0 4 3 3
-6436.8 10140.9 -14.3 151 0 66.1 20.4 14.0 3.5 2 0 4 4 4
-6489.2 10219.8 -15.8 240 0 16.0 53.0 14.0 3.5 2 1 4 2 2
-6395.5 10286.9 -15.8 327 0 15.2 91.6 14.0 3.5 2 1 4 5 5
-5358.0 9884.4 -14.8 243 0 19.5 74.7 14.0 3.5 2 1 4 0 0
-6595.3 10223.8 -14.9 62 0 22.8 25.4 14.0 0.0 0 1 4 2 2
-6687.3 10278.2 -14.6 152 0 38.9 16.5 14.0 3.5 2 0 4 2 2
-5998.5 9920.9 -14.6 61 0 13.3 29.3 17.5 0.0 0 1 5 1 1
-6076.4 10082.5 -14.4 331 0 26.5 16.9 17.5 0.0 0 0 5 0 0
-6039.7 10008.5 -14.5 330 0 30.3 14.2 17.5 3.5 2 0 5 3 3
-6282.1 10302.7 -13.9 156 0 7.0 57.9 10.5 3.5 4 1 3 3 3
-6210.7 10308.3 -14.1 241 0 15.6 38.6 17.5 0.0 0 1 5 3 3
-5930.4 9926.6 -14.8 331 0 8.3 51.9 10.5 0.0 0 1 3 2 2
-5857.4 9968.5 -15.1 151 0 11.8 27.7 14.0 0.0 0 1 4 3 3
-5921.5 10172.0 -15.0 240 0 10.3 29.4 14.0 3.5 2 1 4 5 5
-5866.7 10148.1 -15.1 330 0 31.3 15.2 14.0 3.5 2 0 4 3 3
-5820.1 10063.0 -15.2 333 0 27.5 18.0 14.0 0.0 0 0 4 3 3
-5124.9 9766.7 -13.9 78 0 61.2 22.8 17.5 3.5 2 0 5 5 5
-5149.8 9912.5 -14.3 178 0 9.8 41.7 10.5 3.5 2 1 3 1 1
-5191.5 9673.6 -13.2 243 0 64.2 18.6 17.5 3.5 4 0 5 0 0
-5137.6 9709.5 -13.5 241 0 64.5 18.3 17.5 3.5 2 0 5 1 1
-5065.3 9716.0 -13.7 334 0 40.5 28.1 17.5 0.0 0 0 5 5 5
-5242.1 9713.5 -13.7 63 0 85.9 23.9 14.0 0.0 0 0 4 5 5
-5211.5 9879.6 -14.9 354 0 60.8 22.1 14.0 3.5 2 0 4 0 0
-5203.4 9800.8 -14.3 352 0 51.7 20.4 14.0 3.5 2 0 4 1 1
-5389.1 9862.1 -14.7 243 0 23.2 61.2 14.0 3.5 2 1 4 0 0
-5341.4 9745.0 -14.3 150 0 85.5 23.6 14.0 0.0 0 0 4 3 3
-5492.9 9822.3 -14.8 242 0 59.2 22.5 17.5 3.5 2 0 5 4 4
-6213.6 9758.6 -13.5 63 0 41.0 7.4 10.5 3.5 2 0 3 3 3
-6208.9 9749.3 -13.3 63 0 41.0 7.4 10.5 3.5 2 0 3 4 4
-6203.8 9739.7 -13.0 63 0 41.0 7.4 10.5 3.5 2 0 3 5 5
-6419.8 9659.7 -12.3 334 0 15.6 43.0 14.0 3.5 2 1 4 3 3
-6429.9 9675.0 -12.6 332 0 12.5 42.9 14.0 3.5 2 1 4 1 1
-6460.2 9610.4 -11.8 51 0 15.0 24.7 14.0 0.0 0 1 4 4 4
-6520.1 9625.9 -12.3 109 0 30.0 42.0 14.0 3.5 4 1 4 3 3
-6567.0 9640.3 -12.6 109 0 35.3 19.2 14.0 0.0 0 0 4 2 2
-6668.8 9799.4 -14.4 152 0 35.7 35.2 14.0 0.0 0 0 4 4 4
-6640.3 9747.8 -13.5 152 0 39.5 26.7 14.0 0.0 0 0 4 0 0
-6608.5 9689.8 -12.8 152 0 49.8 25.1 14.0 0.0 0 0 4 5 5
-6594.7 9738.9 -12.9 154 0 49.4 18.2 14.0 3.5 2 0 4 5 5
-6550.5 9673.5 -12.8 63 0 16.1 48.9 14.0 3.5 2 1 4 1 1
-6535.3 9723.8 -13.0 62 0 14.4 49.2 14.0 3.5 2 1 4 3 3
-6504.4 9662.4 -12.9 64 0 14.9 63.3 14.0 3.5 2 1 4 3 3
-6464.2 9665.2 -12.8 63 0 14.7 131.9 14.0 0.0 0 1 4 0 0
-6432.2 9682.1 -12.9 63 0 14.7 133.6 14.0 0.0 0 1 4 3 3
-5784.7 10253.9 -15.7 150 0 6.8 29.5 10.5 3.5 2 1 3 3 3
-5779.3 10240.9 -15.9 151 0 15.6 31.4 17.5 0.0 0 1 5 0 0
-5771.3 10228.1 -15.9 150 0 7.5 30.7 10.5 3.5 4 1 3 0 0
-5740.0 10283.3 -15.0 240 0 30.1 7.3 10.5 3.5 2 0 3 2 2
-5727.0 10261.2 -15.1 61 0 30.9 14.4 17.5 3.5 2 0 5 5 5
-5721.8 10251.3 -15.2 61 0 31.0 7.1 10.5 3.5 2 0 3 2 2
-5701.4 10308.2 -15.5 298 0 12.8 25.2 17.5 0.0 0 1 5 0 0
-5685.5 10292.0 -15.5 331 0 14.3 30.5 17.5 3.5 2 1 5 5 5
-5678.1 10279.0 -15.5 331 0 7.7 31.1 10.5 3.5 2 1 3 5 5
-5927.3 10466.2 -14.0 242 0 6.6 12.7 10.5 3.5 4 1 3 4 4
-5917.2 10446.0 -14.1 157 0 17.1 8.5 10.5 3.5 2 0 3 5 5
-5907.6 10407.2 -14.6 145 0 52.6 62.5 17.5 0.0 0 1 5 4 4
-5084.5 11473.4 -18.1 129 0 10.5 16.3 2.5 2.5 2 1 1 5 5
-5072.8 11501.7 -18.2 219 0 19.8 12.3 10.0 2.5 2 0 4 4 4
-5058.6 11520.2 -18.3 216 0 18.6 12.6 2.5 2.5 2 0 1 1 1
-5017.3 11531.9 -18.4 306 0 9.9 22.0 7.5 2.5 2 1 3 5 5
-5054.5 11447.8 -18.1 127 0 9.3 18.6 2.5 2.5 2 1 1 2 2
-5029.6 11470.1 -18.2 34 0 19.3 11.3 5.0 2.5 2 0 2 4 4
-6840.0 11853.1 -19.8 149 0 8.7 25.8 2.5 2.5 2 1 1 4 4
-6797.0 11873.3 -19.7 64 0 18.0 15.0 7.5 2.5 2 0 3 5 5
-4348.6 9738.0 -14.6 35 0 70.2 17.9 17.5 3.5 2 0 5 5 5
-4356.8 9849.5 -14.8 297 0 21.1 131.0 17.5 0.0 0 1 5 4 4
-4398.7 9842.5 -14.9 296 0 11.8 74.9 17.5 3.5 2 1 5 0 0
-4808.7 9858.9 -15.0 206 0 99.9 139.5 17.5 0.0 0 1 5 3 3
-4449.5 9733.5 -14.5 25 0 9.3 25.3 10.5 3.5 2 1 3 5 5
-4308.1 9802.3 -14.3 26 0 14.6 41.6 17.5 3.5 2 1 5 5 5
-4418.9 9877.5 -14.8 296 0 74.3 11.5 17.5 0.0 0 0 5 1 1
-4458.7 9869.8 -15.0 296 0 18.9 60.1 17.5 3.5 2 1 5 3 3
-4428.4 9855.0 -15.0 297 0 17.9 60.3 17.5 3.5 2 1 5 2 2
-4459.5 9792.4 -14.9 297 0 17.1 33.3 17.5 0.0 0 1 5 5 5
-4504.3 9796.5 -14.9 205 0 31.6 18.2 17.5 3.5 2 0 5 5 5
-4551.1 9808.2 -14.8 208 0 15.4 26.6 17.5 3.5 2 1 5 5 5
-4594.5 9753.2 -15.4 207 0 11.2 48.8 17.5 3.5 4 1 5 3 3
-4584.9 9777.8 -15.2 206 0 40.7 52.4 17.5 0.0 0 1 5 1 1
-4460.6 9703.2 -15.1 26 0 52.5 17.9 17.5 3.5 4 0 5 4 4
-4543.5 9587.4 -14.9 118 0 29.2 100.1 17.5 0.0 0 1 5 4 4
-5021.2 9975.7 -16.0 355 0 18.2 27.3 17.5 3.5 2 1 5 0 0
-5170.2 9867.9 -14.4 172 0 44.8 16.5 17.5 0.0 0 0 5 0 0
-4761.6 9599.8 -12.4 32 0 34.0 58.0 14.0 0.0 0 1 4 5 5
-4739.6 9698.3 -13.3 117 0 21.1 26.9 17.5 3.5 2 1 5 1 1
-5257.4 9613.3 -13.5 63 0 14.5 32.2 17.5 3.5 2 1 5 4 4
-6401.6 9733.3 -13.4 57 0 17.7 14.9 14.0 3.5 2 0 4 3 3
-6366.7 9749.4 -13.5 63 0 31.8 14.8 14.0 3.5 2 0 4 3 3
-6164.1 9763.5 -13.3 65 0 4.8 10.3 10.5 3.5 4 1 3 1 1
-6139.6 9772.9 -13.3 62 0 21.6 5.5 10.5 3.5 2 0 3 0 0
-6124.9 9780.2 -13.5 63 0 4.8 13.1 10.5 3.5 2 1 3 3 3
-6067.1 9840.3 -14.3 151 0 7.3 19.1 10.5 3.5 2 1 3 2 2
-5311.5 9872.4 -14.8 268 0 12.1 23.4 14.0 0.0 0 1 4 1 1
-5579.4 10623.5 -15.3 254 0 27.1 19.4 14.0 0.0 0 0 4 2 2
-5540.7 10560.6 -15.4 344 0 101.6 16.0 14.0 0.0 0 0 4 2 2
-5626.5 10383.3 -15.7 74 0 67.9 16.3 14.0 3.5 2 0 4 0 0
-5620.3 10784.8 -15.3 336 0 25.2 16.9 17.5 0.0 0 0 5 4 4
-5812.0 10791.6 -15.3 53 0 24.3 16.9 17.5 0.0 0 0 5 1 1
-5509.0 10747.2 -14.9 33 0 11.5 26.6 17.5 0.0 0 1 5 4 4
-5592.5 10757.7 -15.1 155 0 25.8 8.4 10.5 3.5 2 0 3 5 5
-4927.0 10602.4 -16.8 184 0 22.6 33.4 17.5 0.0 0 1 5 3 3
-4815.0 10643.4 -16.1 282 0 71.5 17.9 17.5 3.5 2 0 5 3 3
-4932.6 10541.6 -16.7 183 0 69.6 24.0 17.5 0.0 0 0 5 1 1
-4823.8 10599.4 -15.4 286 0 26.3 34.6 17.5 0.0 0 1 5 0 0
-4863.7 10471.4 -15.4 105 0 65.6 40.5 17.5 0.0 0 0 5 3 3
-4799.4 10453.5 -14.2 105 0 48.5 41.0 17.5 0.0 0 0 5 3 3
-4671.2 10577.1 -13.4 14 0 26.7 12.6 17.5 3.5 2 0 5 4 4
-4627.2 10313.0 -14.6 296 0 36.7 37.3 17.5 0.0 0 1 5 3 3
-4727.7 10135.9 -15.4 203 0 16.6 43.1 17.5 3.5 2 1 5 0 0
-4697.9 10067.0 -15.6 115 0 16.2 47.4 17.5 3.5 4 1 5 3 3
-4660.7 10112.7 -15.4 117 0 18.2 38.2 17.5 3.5 4 1 5 3 3
-4616.2 10207.4 -15.1 297 0 16.5 53.5 17.5 3.5 4 1 5 2 2
-4646.1 10046.1 -15.9 115 0 13.7 18.4 17.5 3.5 2 1 5 0 0
-4632.6 10039.8 -15.9 115 0 9.7 22.5 10.5 3.5 4 1 3 3 3
-4618.9 10033.8 -15.8 113 0 15.5 22.4 17.5 3.5 2 1 5 5 5
-4602.1 10026.1 -15.8 114 0 14.9 22.0 17.5 3.5 2 1 5 5 5
-4512.4 10144.4 -15.2 27 0 14.0 46.6 17.5 3.5 2 1 5 0 0
-4482.3 10217.7 -15.2 297 0 11.6 71.5 17.5 0.0 0 1 5 0 0
-4549.1 10571.9 -15.2 285 0 95.3 101.2 10.0 0.0 0 1 4 3 3
-5036.5 10507.3 -15.8 92 0 23.2 27.1 17.5 0.0 0 1 5 3 3
-5705.1 10870.4 -15.4 242 0 12.2 49.1 17.5 3.5 2 1 5 0 0
-5063.4 10373.0 -15.6 179 0 16.2 32.2 14.0 0.0 0 1 4 4 4
-5716.8 11009.6 -15.2 312 0 13.3 40.1 17.5 3.5 2 1 5 4 4
-5773.0 10947.3 -15.2 132 0 13.3 40.1 17.5 3.5 2 1 5 0 0
-5732.8 11025.0 -15.2 312 0 13.3 40.1 17.5 3.5 2 1 5 0 0
-5790.6 10961.4 -15.2 132 0 13.3 40.1 17.5 3.5 2 1 5 4 4
-5061.6 10820.3 -16.0 191 0 46.2 8.5 7.5 2.5 2 0 3 4 4
-5660.2 10893.3 -15.0 242 0 12.2 49.1 17.5 3.5 2 1 5 5 5
-5656.8 10837.0 -15.1 62 0 12.2 49.1 17.5 3.5 2 1 5 2 2
-472.2 10139.2 -21.7 344 0 9.8 13.5 10.5 0.0 0 0 3 4 4
-419.0 10504.5 -23.5 302 0 8.0 10.6 10.5 0.0 0 1 3 4 4
