6797.1 11699.0 -176.0 289 0 34.2 15.3 5.0 2.5 2 0 2 3 3
-1019.7 -5550.9 -114.4 73 0 42.4 20.2 7.5 2.5 2 0 3 3 3
-803.0 -6061.7 -112.0 248 0 11.2 34.5 14.0 0.0 0 1 4 4 4
-820.7 -6139.6 -111.5 141 0 50.2 10.0 14.0 3.5 2 0 4 3 3
-1011.1 -6611.9 -95.9 178 0 27.6 14.1 10.5 3.5 2 0 3 4 4
-923.7 -6615.5 -105.8 335 0 15.6 26.4 14.0 3.5 2 1 4 2 2
-980.4 -6609.5 -99.3 82 0 18.4 14.4 10.5 3.5 2 0 3 4 4
-960.8 -6604.2 -101.5 83 0 11.7 11.6 10.5 0.0 0 0 3 0 0
-919.5 -6610.1 -109.4 158 0 15.2 23.2 10.5 3.5 4 1 3 5 5
-887.5 -6584.1 -109.9 238 0 26.7 13.8 10.5 3.5 2 0 3 5 5
-889.3 -6571.2 -109.5 63 0 23.6 12.1 10.5 3.5 2 0 3 0 0
-991.2 -6636.7 -96.4 349 0 16.3 18.0 10.5 0.0 0 1 3 5 5
-969.1 -6687.1 -99.3 332 0 26.9 19.1 10.5 3.5 2 0 3 4 4
-948.5 -6709.2 -102.7 304 0 31.2 16.4 10.5 3.5 2 0 3 2 2
-944.3 -6698.3 -106.0 126 0 13.9 40.1 14.0 3.5 2 1 4 5 5
-940.3 -6648.1 -103.5 316 0 15.8 22.1 14.0 3.5 2 1 4 2 2
-6281.2 -8688.5 136.6 14 0 10.7 8.8 5.0 2.5 2 0 2 0 0
-6353.4 -8779.3 152.4 205 0 13.0 44.5 10.0 2.5 2 1 4 2 2
