3006.7 -6356.0 249.7 177 0 11.4 19.3 12.5 0.0 0 1 5 5 5
-6809.7 -1187.8 -229.3 31 0 14.8 33.8 17.5 3.5 2 1 5 5 5
-6776.5 -1118.3 -228.9 16 0 26.5 28.7 17.5 0.0 0 1 5 1 1
3662.6 -6730.3 171.0 76 0 19.3 12.9 5.0 2.5 2 0 2 4 4
3662.5 -6337.1 57.5 182 0 9.7 29.8 7.5 2.5 2 1 3 4 4
3649.0 -6378.3 78.6 6 0 14.5 19.9 7.5 2.5 2 1 3 2 2
3644.6 -6355.8 70.9 96 0 22.5 11.1 10.0 2.5 2 0 4 3 3
3631.6 -6360.7 85.0 12 0 23.4 9.8 7.5 2.5 2 0 3 4 4
2759.8 -6174.2 191.3 78 0 25.9 14.0 10.0 2.5 2 0 4 0 0
-4940.6 -203.2 -243.2 160 0 27.7 25.2 14.0 0.0 0 0 4 2 2
-6568.6 -2480.2 -233.1 203 0 19.6 12.1 17.5 3.5 2 0 5 2 2
-6325.8 -2530.2 -233.1 92 0 18.0 19.5 17.5 3.5 2 1 5 1 1
-600.7 5833.9 -289.0 319 0 35.0 23.9 14.0 0.0 0 0 4 3 3
4716.2 -1939.2 -292.8 286 0 128.8 30.7 7.5 0.0 0 0 3 4 4
-5034.1 1495.3 -248.3 212 0 50.5 12.7 14.0 3.5 2 0 4 4 4
-2390.1 1015.1 -262.1 58 0 98.8 185.3 12.5 0.0 0 1 5 5 5
173.0 7114.2 -299.2 224 0 91.1 29.0 7.5 0.0 0 0 3 2 2
-6208.6 847.9 -245.0 13 0 55.9 102.8 14.0 0.0 0 1 4 3 3
4830.9 -2031.8 -293.2 195 0 45.6 10.4 7.5 2.5 2 0 3 3 3
6608.5 -8758.6 -104.1 270 0 12.2 12.8 10.0 2.5 2 1 4 3 3
6734.3 -8773.8 -97.8 329 0 14.2 11.5 7.5 2.5 2 0 3 5 5
6660.4 -8755.0 -103.9 286 0 14.0 9.4 7.5 2.5 2 0 3 1 1
6771.4 -8796.8 -91.2 261 0 10.4 10.7 5.0 2.5 2 1 2 4 4
2391.6 -8354.8 -36.7 180 0 9.9 31.9 7.5 2.5 2 0 3 3 3
2430.5 -8342.6 -39.6 355 0 8.7 34.8 7.5 2.5 2 0 3 5 5
-4539.8 2351.3 -256.5 89 0 13.3 98.8 14.0 3.5 4 1 4 1 1
-4499.7 2352.9 -256.6 89 0 12.7 98.0 14.0 3.5 2 1 4 5 5
-4490.8 2537.7 -257.9 269 0 61.7 35.9 14.0 0.0 0 0 4 0 0
-4464.2 2353.6 -256.6 88 0 13.3 58.9 14.0 3.5 2 1 4 2 2
-4424.4 2352.5 -256.7 88 0 13.1 59.6 14.0 3.5 2 1 4 4 4
-4384.6 2353.8 -256.7 90 0 13.0 59.1 14.0 3.5 4 1 4 5 5
-4444.1 2345.8 -256.0 89 0 17.1 16.1 14.0 3.5 2 0 4 5 5
-4403.6 2345.5 -256.2 89 0 18.0 18.4 14.0 3.5 2 1 4 4 4
-4417.7 2555.4 -258.2 271 0 43.2 15.1 14.0 3.5 2 0 4 2 2
-4361.0 2537.7 -258.2 319 0 17.8 69.4 14.0 3.5 2 1 4 0 0
-4330.6 2501.8 -257.9 321 0 19.1 64.1 14.0 0.0 0 1 4 1 1
-4225.7 2374.1 -256.9 319 0 23.5 68.2 14.0 0.0 0 1 4 5 5
-4642.4 2467.4 -256.6 236 0 12.8 49.8 14.0 0.0 0 1 4 2 2
-4609.4 2491.7 -257.3 235 0 13.8 49.0 14.0 3.5 2 1 4 1 1
-4574.8 2517.0 -257.5 235 0 14.5 51.0 14.0 3.5 2 1 4 1 1
-4627.6 2484.5 -257.1 236 0 16.2 14.0 14.0 3.5 2 0 4 1 1
-4592.7 2507.3 -257.4 237 0 17.0 13.3 14.0 3.5 2 0 4 0 0
-4300.3 2106.8 -253.9 143 0 20.9 33.6 10.5 0.0 0 1 3 0 0
-4227.1 2080.8 -254.4 318 0 39.4 53.2 10.5 0.0 0 1 3 1 1
-4184.8 2033.8 -254.8 318 0 75.7 52.4 10.5 0.0 0 0 3 3 3
-4139.7 1942.7 -255.1 49 0 52.2 52.8 10.5 0.0 0 1 3 4 4
-650.1 -7920.2 -14.4 248 0 22.5 26.0 10.0 2.5 2 1 4 0 0
439.1 -10334.8 186.8 15 0 10.6 23.5 7.5 2.5 4 1 3 3 3
-833.4 -9979.2 288.0 352 0 15.2 20.7 10.0 2.5 2 1 4 3 3
-833.4 -9979.2 288.0 352 0 15.2 20.7 17.5 0.0 0 1 7 5 5
-813.5 -9939.0 286.8 350 0 10.8 15.9 5.0 2.5 2 1 2 4 4
-2087.6 -7592.8 -25.5 224 0 23.4 12.0 12.5 2.5 2 0 5 1 1
-2036.0 -7567.9 -30.7 350 0 15.0 21.3 12.5 2.5 2 1 5 5 5
-2078.7 -7670.5 -12.5 127 0 11.1 25.0 10.0 2.5 2 1 4 5 5
-2041.2 -7610.0 -20.9 215 0 19.8 12.2 10.0 2.5 4 0 4 3 3
2292.7 -1505.7 -277.7 268 0 54.9 19.8 10.0 2.5 2 0 4 3 3
2098.0 -1476.0 -276.4 175 0 61.8 29.7 10.0 0.0 0 0 4 3 3
1842.3 -451.7 -279.4 348 0 49.6 23.7 12.5 2.5 2 0 5 1 1
3579.9 3578.4 -297.9 330 0 29.0 68.0 10.0 0.0 0 1 4 1 1
3464.7 3545.7 -297.7 257 0 28.6 52.1 7.5 0.0 0 1 3 5 5
3475.2 3403.6 -297.0 347 0 62.9 54.0 10.0 0.0 0 0 4 5 5
3357.0 3538.8 -297.2 257 0 64.0 68.5 7.5 0.0 0 1 3 0 0
