-5401.5 7279.7 -267.6 326 0 14.0 26.0 12.5 0.0 0 1 5 1 1
-5254.9 7073.0 -233.9 139 0 20.4 12.7 10.0 0.0 0 0 4 5 5
-5106.5 5998.6 -202.7 293 0 7.4 8.9 7.5 2.5 2 1 3 3 3
-6312.4 10023.3 -355.6 138 0 14.6 20.3 12.5 2.5 2 0 5 1 1
-5440.4 6275.5 -221.3 334 0 10.1 29.4 10.0 2.5 2 0 4 0 0
-4596.4 5761.2 -181.6 29 0 7.1 9.1 7.5 2.5 2 1 3 2 2
-6850.2 9245.3 -346.5 16 0 9.8 34.5 10.5 3.5 2 1 3 4 4
-5598.4 6285.0 -196.0 238 0 9.3 7.0 7.5 0.0 0 0 3 2 2
-5742.3 6094.6 -190.1 56 0 27.8 13.0 10.0 2.5 2 0 4 0 0
-5418.4 6253.4 -222.9 189 0 8.5 15.8 7.5 2.5 2 1 3 2 2
-5531.6 6224.9 -215.4 73 0 23.1 8.8 5.0 2.5 2 0 2 4 4
-5672.4 6148.5 -199.9 33 0 7.5 5.0 7.5 2.5 2 0 3 1 1
-5418.3 6319.1 -217.1 182 0 12.6 9.9 7.5 0.0 0 0 3 3 3
-5608.7 6212.0 -203.9 51 0 11.1 10.7 5.0 2.5 2 0 2 4 4
-5547.3 6266.0 -205.5 340 0 7.4 19.9 5.0 2.5 2 1 2 4 4
-5312.2 6982.1 -229.5 252 0 19.1 9.3 7.5 2.5 2 0 3 4 4
-5458.2 6250.8 -220.8 67 0 16.7 6.3 5.0 0.0 0 0 2 5 5
-4326.2 5778.6 -166.0 151 0 10.5 15.1 7.5 2.5 2 1 3 5 5
-5309.3 6204.0 -218.5 328 0 19.4 8.7 7.5 2.5 2 0 3 4 4
-6692.2 9374.5 -348.4 55 0 12.7 35.6 14.0 3.5 2 1 4 0 0
-5762.9 6072.6 -188.8 51 0 16.4 6.8 7.5 2.5 4 0 3 4 4
-6232.3 10016.6 -359.9 48 0 69.5 66.2 10.0 0.0 0 0 4 5 5
-5557.9 6237.6 -210.6 65 0 30.8 12.2 10.0 2.5 2 0 4 5 5
-4317.8 5751.3 -173.1 303 0 13.8 9.8 7.5 0.0 0 0 3 2 2
-4226.4 5713.4 -165.4 119 0 16.0 8.6 5.0 2.5 2 0 2 0 0
-4449.8 5760.6 -170.8 180 0 10.1 22.5 17.5 0.0 0 1 7 1 1
-5350.9 7158.1 -243.4 310 0 6.9 16.1 5.0 2.5 2 1 2 2 2
-4606.5 5776.1 -184.7 304 0 13.9 12.8 7.5 2.5 2 0 3 5 5
-5086.8 7004.7 -224.6 181 0 12.0 15.3 5.0 2.5 2 1 2 2 2
-5226.3 6997.8 -230.9 3 0 12.2 21.2 12.5 2.5 2 1 5 2 2
-5558.7 6217.5 -212.5 65 0 19.8 18.0 10.0 2.5 2 0 4 2 2
-5132.6 6017.2 -198.9 287 0 14.9 13.0 7.5 2.5 2 0 3 0 0
-5665.7 6253.1 -184.3 360 0 19.2 11.9 5.0 0.0 0 0 2 1 1
-4345.5 5785.1 -165.9 80 0 13.3 12.8 10.0 2.5 2 0 4 1 1
-4203.3 5691.3 -164.3 118 0 27.6 20.5 12.5 2.5 2 0 5 4 4
6009.8 10824.4 -139.0 264 0 8.0 8.9 7.5 2.5 2 1 3 5 5
2171.9 9554.6 -327.4 153 0 12.0 13.0 5.0 2.5 2 1 2 3 3
2220.1 9160.0 -286.9 163 0 7.2 6.4 7.5 2.5 2 0 3 0 0
3633.3 9392.1 52.4 116 0 18.1 11.6 7.5 2.5 2 0 3 1 1
2113.5 10204.2 -384.5 153 0 15.1 8.0 2.5 2.5 2 0 1 5 5
3467.8 9722.8 -24.5 248 0 5.8 11.3 7.5 2.5 2 1 3 5 5
1845.1 9904.0 -320.8 156 0 6.6 23.4 5.0 0.0 0 1 2 0 0
5992.1 10810.8 -138.6 183 0 16.8 9.1 5.0 0.0 0 0 2 0 0
3605.5 9440.5 39.5 164 0 24.4 8.3 5.0 2.5 2 0 2 5 5
2974.7 9696.8 -159.7 200 0 8.6 7.4 2.5 2.5 2 0 1 4 4
2219.6 9541.2 -327.2 136 0 9.5 8.8 5.0 2.5 2 0 2 1 1
3292.2 9836.1 -119.5 213 0 12.8 10.2 10.0 2.5 2 0 4 3 3
2171.4 9244.5 -285.9 329 0 10.8 11.4 5.0 2.5 2 1 2 3 3
1787.2 9843.5 -301.9 302 0 16.4 13.4 12.5 2.5 4 0 5 3 3
1911.7 9974.9 -347.4 260 0 17.1 19.6 10.0 2.5 2 1 4 2 2
3684.3 9429.5 27.7 229 0 17.0 20.6 10.0 2.5 2 1 4 1 1
2152.8 9581.5 -330.5 114 0 20.7 20.0 10.0 2.5 2 0 4 2 2
4125.5 11056.9 -358.3 312 0 4.6 21.2 5.0 2.5 2 1 2 2 2
4140.3 11053.0 -357.8 312 0 4.6 21.2 5.0 2.5 2 1 2 5 5
4138.1 11030.3 -356.0 132 0 4.6 19.5 5.0 2.5 2 1 2 2 2
4518.5 10884.8 -332.4 120 0 16.0 6.9 2.5 2.5 2 0 1 4 4
4150.6 11029.6 -356.8 42 0 15.8 4.6 7.5 2.5 2 0 3 4 4
2084.0 8788.6 -197.6 40 0 10.0 18.3 5.0 0.0 0 1 2 0 0
4670.0 11280.0 -217.0 150 0 9.5 20.2 5.0 2.5 2 1 2 0 0
4517.1 11106.3 -276.8 169 0 11.0 18.0 5.0 0.0 0 1 2 1 1
5160.2 11509.2 -136.5 181 0 11.0 28.4 10.0 0.0 0 1 4 1 1
2277.0 8776.6 -234.6 191 0 10.8 18.7 10.0 2.5 2 1 4 4 4
4988.8 11523.3 -145.0 178 0 6.6 21.3 2.5 2.5 2 1 1 0 0
4246.6 11900.4 -192.8 206 0 11.8 21.3 5.0 2.5 2 1 2 5 5
4389.7 11983.3 -162.5 211 0 12.1 25.1 15.0 0.0 0 1 6 0 0
2318.5 8616.1 -207.2 278 0 18.8 15.4 12.5 2.5 2 0 5 2 2
4540.2 10845.8 -330.7 204 0 20.2 22.4 10.0 2.5 2 1 4 3 3
3915.2 11375.3 -289.7 115 0 19.6 22.5 15.0 0.0 0 1 6 5 5
4643.8 10590.6 -313.7 329 0 16.8 16.2 10.0 2.5 2 0 4 3 3
1990.3 8886.7 -193.6 138 0 11.2 35.9 12.5 2.5 2 1 5 3 3
-6174.8 8913.5 -84.1 294 0 9.8 27.5 10.5 3.5 2 1 3 4 4
-6106.7 8840.2 -52.8 137 0 22.1 10.6 7.5 2.5 2 0 3 3 3
-6060.8 8839.7 -47.5 21 0 8.1 14.7 7.5 2.5 2 1 3 3 3
-5115.8 7745.0 -10.3 172 0 12.5 19.3 5.0 2.5 2 1 2 2 2
-5105.2 7705.8 -20.3 0 0 8.9 17.0 5.0 2.5 4 1 2 1 1
-5115.6 7605.5 -11.5 95 0 21.1 11.6 5.0 2.5 2 0 2 4 4
-5002.4 7338.3 21.6 117 0 14.3 22.6 10.0 2.5 2 1 4 0 0
-3523.4 5153.5 -103.6 38 0 11.3 26.5 10.0 2.5 2 1 4 2 2
-2782.8 4233.3 11.0 347 0 9.5 22.7 7.5 0.0 0 1 3 3 3
-2805.2 4299.3 1.5 266 0 16.4 7.7 7.5 2.5 2 0 3 0 0
-2418.8 3943.3 72.6 295 0 8.1 37.6 7.5 0.0 0 1 3 2 2
-60.2 1658.5 355.7 8 0 19.8 14.4 10.0 2.5 2 0 4 5 5
-125.1 1765.0 375.7 268 0 13.3 26.8 7.5 0.0 0 1 3 5 5
-88.2 1701.0 364.1 275 0 13.3 28.6 7.5 2.5 2 1 3 4 4
-64.9 1602.5 354.5 71 0 9.7 30.6 7.5 2.5 2 1 3 3 3
152.6 1429.3 258.8 131 0 10.1 29.6 10.0 2.5 2 1 4 4 4
121.0 1587.6 274.7 93 0 14.1 28.3 12.5 2.5 2 1 5 5 5
446.9 1467.4 140.2 180 0 19.8 13.4 10.0 2.5 2 0 4 2 2
444.6 1405.3 144.8 5 0 18.4 17.9 10.0 2.5 2 0 4 0 0
488.3 1885.0 185.1 224 0 14.6 19.9 15.0 0.0 0 1 6 1 1
566.1 1832.0 181.6 36 0 11.6 32.1 12.5 2.5 2 1 5 3 3
-1885.1 10573.4 -196.2 69 0 9.2 23.4 5.0 2.5 2 1 2 4 4
-1863.1 10570.6 -201.3 72 0 10.4 27.3 15.0 0.0 0 1 6 0 0
-2608.1 8900.2 -149.3 110 0 18.7 14.9 10.0 0.0 0 0 4 0 0
-2605.8 8994.2 -167.3 112 0 16.5 14.0 7.5 2.5 2 0 3 1 1
-2659.4 9042.9 -170.3 14 0 17.8 23.7 12.5 2.5 4 1 5 2 2
-2740.5 9153.7 -171.6 322 0 22.5 17.5 12.5 2.5 2 0 5 1 1
-2762.5 9191.0 -184.3 320 0 26.1 12.9 10.0 2.5 2 0 4 1 1
-2771.9 9245.0 -192.0 329 0 21.2 11.4 5.0 2.5 2 0 2 2 2
4807.5 523.0 73.4 240 0 12.8 10.6 2.5 2.5 2 0 1 2 2
4421.1 780.7 131.4 358 0 7.5 22.1 7.5 0.0 0 1 3 2 2
6036.8 -4959.0 -77.9 316 0 24.8 11.1 10.0 2.5 2 0 4 0 0
6021.3 -4949.1 -75.4 311 0 9.2 11.8 7.5 2.5 2 0 3 0 0
5490.1 -5208.2 -56.9 34 0 11.3 19.3 5.0 2.5 2 1 2 3 3
5441.9 -5181.8 -65.0 296 0 8.9 8.5 5.0 2.5 2 0 2 5 5
5459.1 -5183.1 -65.3 298 0 22.3 14.9 12.5 2.5 2 0 5 3 3
5366.6 -5212.0 -50.1 290 0 6.0 7.9 5.0 2.5 2 1 2 1 1
4076.1 -4965.6 -32.5 33 0 14.8 18.4 7.5 2.5 4 1 3 1 1
4091.7 -4941.0 -31.1 33 0 37.9 14.2 10.0 2.5 4 0 4 3 3
3252.9 -4696.2 -21.1 325 0 22.4 11.8 12.5 2.5 2 0 5 4 4
1267.0 -5226.5 29.8 285 0 15.5 10.1 7.5 2.5 2 0 3 5 5
1254.6 -5225.3 31.2 287 0 6.1 7.1 7.5 2.5 4 1 3 1 1
890.7 -5125.9 47.8 12 0 12.1 20.5 7.5 2.5 2 1 3 4 4
854.4 -5100.4 49.7 168 0 11.9 15.1 5.0 2.5 2 1 2 4 4
214.4 -4387.2 67.0 115 0 22.2 11.5 10.0 2.5 2 0 4 5 5
1213.5 -5260.8 46.6 193 0 14.0 25.0 10.0 2.5 2 0 4 2 2
4087.1 -5485.5 -15.9 38 0 20.2 7.2 5.0 2.5 2 0 2 0 0
2825.3 -8092.0 83.3 359 0 20.5 20.0 10.0 2.5 2 0 4 3 3
