1703.4 -7803.2 9.1 314 0 14.4 102.6 5.0 2.5 2 1 2 3 3
6008.2 -11986.3 -4.3 139 0 12.8 63.3 12.5 2.5 2 1 5 0 0
1554.3 -7703.3 8.8 223 0 81.0 15.4 7.5 2.5 2 0 3 4 4
3227.8 -5285.8 -4.2 304 0 17.1 59.1 7.5 0.0 0 1 3 3 3
4351.8 -11670.0 -3.1 93 0 44.6 60.1 14.0 0.0 0 1 4 0 0
5904.0 -12006.6 -5.9 139 0 13.7 30.0 7.5 2.5 2 1 3 5 5
5882.9 -12006.4 -6.5 49 0 31.1 14.4 10.0 2.5 2 0 4 1 1
5934.1 -11959.9 -5.0 321 0 13.3 15.1 5.0 2.5 2 1 2 3 3
1543.6 -7792.3 8.9 133 0 14.4 102.2 7.5 2.5 2 1 3 5 5
6111.9 -11946.6 -2.5 51 0 13.8 22.5 10.0 2.5 2 1 4 1 1
3142.8 -5177.7 -4.3 214 0 20.8 60.2 10.0 2.5 2 1 4 0 0
6004.7 -11941.2 -4.0 230 0 49.2 13.9 10.0 2.5 2 0 4 3 3
3160.2 -5384.6 -4.1 125 0 16.2 48.3 7.5 2.5 2 1 3 2 2
6003.1 -12001.1 -4.8 50 0 12.4 44.2 10.0 2.5 2 1 4 2 2
3257.5 -5305.5 -4.1 305 0 17.6 60.4 7.5 2.5 2 1 3 4 4
1580.1 -7850.4 9.1 131 0 15.3 102.7 7.5 2.5 2 1 3 5 5
5897.0 -11985.4 -5.6 140 0 13.3 23.2 7.5 2.5 2 1 3 3 3
5367.3 -12006.9 -5.7 173 0 45.8 8.9 7.5 2.5 2 0 3 5 5
5966.0 -12008.7 -5.4 49 0 14.4 46.3 7.5 2.5 2 1 3 0 0
3101.8 -11823.8 -1.2 90 0 171.2 112.1 14.0 0.0 0 0 4 2 2
4358.0 -11544.5 -2.3 273 0 44.5 53.4 14.0 0.0 0 1 4 5 5
3109.1 -5278.0 -4.3 124 0 18.1 59.9 7.5 2.5 2 1 3 4 4
6044.6 -11992.4 -4.0 139 0 13.4 59.2 10.0 2.5 2 1 4 3 3
3134.4 -5295.7 -4.2 124 0 17.3 60.3 7.5 2.5 2 1 3 2 2
6065.5 -11920.0 -3.1 275 0 44.5 12.2 10.0 2.5 2 0 4 5 5
3199.0 -5266.6 -4.2 304 0 18.0 59.5 15.0 2.5 2 1 6 5 5
-1770.0 -1491.9 3.5 67 0 14.9 15.0 14.0 3.5 2 1 4 3 3
-298.8 -1354.5 2.0 69 0 14.5 7.7 7.5 2.5 2 0 3 4 4
64.9 -1282.5 2.9 153 0 8.9 15.9 5.0 0.0 0 1 2 0 0
362.9 3669.5 -8.5 207 0 36.5 30.5 14.0 0.0 0 0 4 4 4
748.1 4125.6 -8.3 351 0 75.1 24.5 7.5 0.0 0 0 3 0 0
719.1 4181.8 -8.1 238 0 23.9 9.9 7.5 2.5 2 0 3 1 1
700.3 4162.9 -8.5 262 0 15.1 76.5 10.0 2.5 4 1 4 5 5
466.2 4315.5 -8.7 274 0 57.9 14.3 7.5 2.5 2 0 3 5 5
553.3 4376.3 -8.5 306 0 22.9 27.8 7.5 0.0 0 1 3 2 2
511.2 4337.9 -8.8 217 0 40.9 23.2 12.5 0.0 0 0 5 1 1
481.0 4418.1 -8.7 36 0 28.6 24.7 5.0 0.0 0 0 2 5 5
454.6 4383.8 -8.7 37 0 44.6 23.3 7.5 0.0 0 0 3 0 0
467.7 4379.1 -8.7 217 0 53.9 11.3 7.5 0.0 0 0 3 3 3
454.9 4328.7 -8.7 95 0 37.5 11.5 10.0 2.5 2 0 4 0 0
499.8 4350.6 -8.7 38 0 49.9 12.8 7.5 2.5 2 0 3 5 5
516.3 4405.8 -8.6 307 0 35.0 13.8 10.0 2.5 2 0 4 5 5
537.1 4505.1 -8.4 308 0 14.6 46.0 10.0 2.5 4 1 4 0 0
522.8 4425.1 -8.5 38 0 22.6 53.3 7.5 2.5 2 1 3 3 3
547.9 4392.9 -8.4 128 0 51.1 21.8 7.5 2.5 2 0 3 1 1
613.7 4451.3 -8.2 308 0 24.7 54.3 5.0 0.0 0 1 2 5 5
532.3 4451.4 -8.3 128 0 11.6 46.5 5.0 2.5 2 1 2 2 2
556.7 4433.5 -8.2 128 0 11.6 45.7 7.5 0.0 0 1 3 0 0
601.5 4540.0 -8.0 308 0 12.6 44.8 7.5 0.0 0 1 3 0 0
573.5 4535.1 -8.0 38 0 49.9 23.2 7.5 2.5 2 0 3 2 2
592.5 4558.8 -8.1 128 0 52.9 22.7 10.0 2.5 2 0 4 0 0
853.7 4264.6 -9.6 114 0 37.9 24.3 7.5 0.0 0 0 3 2 2
869.0 4300.2 -9.6 115 0 54.4 23.9 10.0 2.5 2 0 4 2 2
938.2 4268.1 -9.7 36 0 21.3 39.3 7.5 0.0 0 1 3 2 2
908.6 4261.4 -9.7 307 0 39.8 25.4 7.5 0.0 0 0 3 3 3
976.9 4653.7 -8.5 161 0 50.3 22.5 10.0 2.5 2 0 4 1 1
991.2 4609.3 -8.4 163 0 39.1 22.4 10.0 0.0 0 0 4 1 1
1001.1 4565.1 -8.5 170 0 42.3 23.6 10.0 0.0 0 0 4 4 4
1004.3 4522.7 -8.6 174 0 29.8 24.7 10.0 0.0 0 0 4 3 3
944.4 4628.2 -8.4 207 0 44.9 11.7 7.5 2.5 2 0 3 4 4
970.1 4581.7 -8.6 168 0 69.5 12.4 5.0 2.5 2 0 2 5 5
962.8 4529.1 -8.6 120 0 57.6 12.5 10.0 2.5 4 0 4 1 1
921.2 4551.3 -8.6 108 0 12.9 48.5 10.0 2.5 2 1 4 1 1
965.6 4483.0 -8.8 119 0 43.6 28.3 7.5 2.5 2 0 3 1 1
921.3 4510.1 -8.8 119 0 41.2 23.7 7.5 0.0 0 0 3 0 0
906.4 4470.7 -8.9 119 0 38.0 25.4 7.5 0.0 0 0 3 4 4
942.6 4449.4 -9.0 120 0 34.7 26.5 12.5 0.0 0 0 5 3 3
882.9 4375.8 -9.3 112 0 38.8 12.3 10.0 0.0 0 0 4 4 4
922.5 4358.3 -9.3 121 0 38.0 13.5 10.0 2.5 2 0 4 5 5
919.6 4407.6 -9.2 358 0 40.2 12.8 10.0 2.5 2 0 4 1 1
878.6 4434.3 -9.2 198 0 61.8 12.3 10.0 2.5 2 0 4 3 3
874.3 4368.6 -9.4 291 0 32.4 24.3 10.0 0.0 0 0 4 4 4
912.1 4350.7 -9.5 297 0 29.4 23.6 7.5 0.0 0 0 3 1 1
946.3 4329.4 -9.5 306 0 34.1 25.8 10.0 0.0 0 0 4 1 1
939.8 4379.4 -9.2 91 0 11.9 38.4 12.5 2.5 4 1 5 3 3
905.8 4450.3 -9.0 208 0 12.0 42.3 10.0 2.5 2 1 4 5 5
970.4 4422.8 -9.1 299 0 18.5 10.7 5.0 2.5 2 0 2 2 2
972.4 4357.1 -9.3 17 0 40.9 13.5 10.0 2.5 2 0 4 3 3
1000.1 4398.4 -9.1 189 0 33.9 22.0 15.0 0.0 0 0 6 2 2
988.5 4351.1 -9.3 195 0 40.3 22.1 10.0 0.0 0 0 4 5 5
971.9 4306.2 -9.5 202 0 44.6 25.5 7.5 0.0 0 0 3 0 0
961.6 4267.2 -9.7 298 0 23.4 36.5 7.5 0.0 0 1 3 3 3
922.6 4214.9 -9.8 214 0 43.5 23.4 7.5 0.0 0 0 3 2 2
893.5 4175.9 -9.8 220 0 40.9 20.0 7.5 2.5 2 0 3 5 5
825.5 4079.9 -8.8 51 0 50.6 27.7 7.5 2.5 2 0 3 4 4
791.2 4125.2 -8.4 352 0 35.9 24.4 10.0 0.0 0 0 4 1 1
777.2 4173.3 -8.4 342 0 41.5 23.4 7.5 0.0 0 0 3 0 0
791.5 4168.4 -8.7 159 0 44.9 14.5 10.0 2.5 2 0 4 3 3
801.0 4226.1 -9.2 224 0 45.4 13.7 7.5 2.5 2 0 3 2 2
845.5 4253.0 -9.5 296 0 27.8 13.5 10.0 2.5 2 0 4 4 4
876.7 4226.1 -9.6 35 0 13.9 25.3 5.0 2.5 2 0 2 2 2
877.5 4205.1 -9.7 220 0 50.5 13.0 10.0 2.5 2 0 4 5 5
836.6 4217.2 -9.5 215 0 20.5 12.2 10.0 2.5 2 0 4 3 3
835.7 4179.3 -9.3 160 0 38.7 12.4 12.5 2.5 2 0 5 5 5
777.9 4725.3 -8.3 301 0 40.5 12.8 12.5 2.5 2 0 5 2 2
803.1 4693.7 -8.3 351 0 24.8 12.5 7.5 2.5 2 0 3 3 3
796.5 4665.4 -8.4 32 0 19.8 10.8 2.5 2.5 2 0 1 2 2
627.2 4372.0 -8.2 38 0 36.2 23.8 10.0 0.0 0 0 4 1 1
603.9 4341.2 -8.3 38 0 28.6 24.2 7.5 0.0 0 0 3 3 3
582.2 4314.1 -8.5 38 0 34.1 25.0 10.0 0.0 0 0 4 3 3
779.3 4741.3 -8.2 122 0 45.8 13.0 7.5 2.5 2 0 3 0 0
825.9 4765.4 -8.1 33 0 45.0 11.2 7.5 2.5 4 0 3 1 1
866.4 4694.0 -8.2 30 0 12.9 46.8 15.0 2.5 2 1 6 3 3
838.5 4749.6 -8.1 212 0 21.8 11.8 10.0 2.5 2 0 4 4 4
864.6 4758.6 -8.3 60 0 23.9 12.8 10.0 2.5 2 0 4 2 2
885.5 4768.3 -8.4 70 0 22.4 12.3 15.0 0.0 0 0 6 4 4
924.1 4771.8 -8.6 342 0 45.9 10.7 10.0 2.5 2 0 4 2 2
882.0 4700.9 -8.2 212 0 41.7 14.0 10.0 2.5 2 0 4 5 5
886.2 4758.1 -8.3 251 0 12.7 39.5 10.0 2.5 2 0 4 2 2
852.3 4830.6 -8.5 252 0 25.1 43.2 7.5 0.0 0 1 3 0 0
885.5 4843.1 -8.7 252 0 26.0 42.3 10.0 0.0 0 1 4 5 5
921.7 4855.1 -9.0 253 0 25.9 42.6 10.0 0.0 0 1 4 3 3
939.8 4804.5 -8.8 252 0 25.9 60.9 10.0 2.5 2 1 4 2 2
951.9 4707.9 -8.5 40 0 30.3 24.2 7.5 0.0 0 0 3 0 0
902.6 4685.9 -8.3 215 0 51.5 24.6 7.5 2.5 2 0 3 4 4
899.5 4626.6 -8.4 31 0 23.4 48.0 7.5 0.0 0 1 3 5 5
830.9 4643.5 -8.6 209 0 71.8 12.5 7.5 2.5 2 0 3 5 5
779.5 4605.6 -8.7 209 0 24.0 36.4 10.0 0.0 0 1 4 0 0
786.8 4628.2 -8.5 117 0 38.4 9.8 7.5 2.5 2 0 3 4 4
767.9 4644.5 -8.5 79 0 13.0 61.9 10.0 2.5 2 0 4 5 5
756.7 4618.2 -8.7 31 0 27.7 41.3 5.0 0.0 0 1 2 3 3
682.6 4660.1 -8.6 209 0 23.9 34.6 10.0 0.0 0 1 4 2 2
686.4 4629.3 -8.7 297 0 39.6 15.1 10.0 2.5 2 0 4 1 1
726.6 4600.2 -8.9 308 0 23.6 46.9 7.5 0.0 0 1 3 4 4
678.3 4536.1 -8.8 129 0 23.2 28.2 10.0 0.0 0 1 4 2 2
637.4 4600.0 -8.6 218 0 47.1 12.6 7.5 2.5 2 0 3 1 1
652.6 4559.4 -8.7 129 0 12.9 44.8 7.5 0.0 0 1 3 5 5
603.7 4507.3 -8.0 218 0 44.7 14.3 7.5 2.5 2 0 3 1 1
659.6 4536.8 -8.6 309 0 51.4 23.0 12.5 2.5 2 0 5 4 4
623.5 4466.5 -8.3 129 0 25.3 48.6 10.0 0.0 0 1 4 2 2
722.9 4425.8 -8.9 299 0 40.3 25.0 7.5 0.0 0 0 3 5 5
674.1 4454.4 -8.3 36 0 14.9 11.1 5.0 2.5 2 0 2 5 5
685.6 4446.3 -8.5 306 0 23.3 22.7 10.0 2.5 2 0 4 5 5
703.6 4475.4 -8.9 36 0 43.0 24.9 7.5 0.0 0 0 3 5 5
730.3 4508.7 -8.9 35 0 27.9 25.5 10.0 0.0 0 0 4 1 1
750.7 4536.0 -8.9 35 0 30.4 22.6 10.0 2.5 2 0 4 5 5
803.5 4545.3 -8.9 28 0 24.0 40.4 7.5 0.0 0 1 3 0 0
780.8 4464.9 -9.2 197 0 44.5 12.1 7.5 2.5 2 0 3 5 5
782.3 4529.4 -9.0 299 0 37.1 13.3 12.5 2.5 2 0 5 5 5
796.1 4499.4 -9.0 158 0 20.6 13.0 5.0 2.5 2 0 2 0 0
752.0 4476.0 -9.1 204 0 28.1 12.3 7.5 2.5 2 0 3 2 2
749.8 4441.5 -9.1 163 0 27.3 12.2 7.5 2.5 2 0 3 3 3
772.3 4415.9 -9.2 109 0 23.6 12.9 10.0 2.5 2 0 4 0 0
811.3 4426.1 -9.2 16 0 43.7 11.9 10.0 2.5 2 0 4 4 4
814.8 4479.0 -9.1 196 0 44.3 12.5 7.5 2.5 2 0 3 2 2
837.2 4542.1 -8.9 297 0 33.5 27.8 7.5 0.0 0 0 3 5 5
856.8 4482.6 -9.1 18 0 58.3 14.9 10.0 2.5 2 0 4 1 1
832.9 4408.5 -9.3 18 0 95.8 16.1 12.5 2.5 2 0 5 0 0
746.2 4397.8 -9.3 199 0 25.0 54.2 7.5 2.5 2 1 3 2 2
716.8 4363.5 -8.9 203 0 26.9 37.5 7.5 0.0 0 1 3 2 2
775.3 4355.6 -9.2 288 0 28.0 23.9 7.5 0.0 0 0 3 5 5
679.9 4301.4 -8.0 176 0 69.5 13.3 12.5 2.5 2 0 5 3 3
664.2 4367.2 -8.0 305 0 37.9 13.6 7.5 2.5 2 0 3 1 1
647.5 4217.7 -8.3 143 0 59.6 13.7 7.5 2.5 4 0 3 1 1
780.7 4304.1 -9.3 201 0 53.7 14.6 5.0 2.5 4 0 2 1 1
750.7 4255.4 -8.7 222 0 48.6 13.8 5.0 2.5 2 0 2 4 4
705.8 4218.0 -8.2 236 0 60.4 13.7 10.0 2.5 2 0 4 2 2
751.3 4278.3 -8.6 40 0 23.4 12.5 7.5 2.5 2 0 3 4 4
758.7 4304.6 -8.7 347 0 14.0 11.4 5.0 2.5 2 0 2 4 4
713.7 4329.1 -8.7 203 0 11.3 37.7 7.5 2.5 2 0 3 2 2
711.5 4276.7 -8.2 175 0 45.1 13.1 7.5 2.5 2 0 3 1 1
679.3 4222.6 -8.2 146 0 14.0 45.9 10.0 2.5 2 0 4 2 2
662.7 4242.9 -8.2 136 0 24.3 13.3 12.5 2.5 2 0 5 3 3
649.3 4282.3 -8.2 176 0 44.7 13.0 10.0 2.5 2 0 4 2 2
635.2 4321.9 -8.1 217 0 12.4 20.6 7.5 2.5 2 0 3 5 5
630.0 4331.5 -8.3 38 0 44.9 13.6 10.0 2.5 2 0 4 2 2
634.3 4284.9 -8.4 29 0 13.9 44.0 7.5 2.5 2 1 3 0 0
4166.0 6992.6 -17.0 193 0 60.1 15.9 10.5 3.5 2 0 3 3 3
4186.2 7074.2 -17.9 193 0 82.7 16.0 10.5 3.5 2 0 3 0 0
4271.1 7111.8 -18.0 20 0 16.0 61.4 10.5 3.5 2 1 3 1 1
4282.6 7106.9 -17.7 200 0 16.0 61.4 10.5 3.5 2 1 3 1 1
4147.2 6660.0 -14.6 96 0 51.3 16.5 10.5 3.5 2 0 3 5 5
4101.5 6672.0 -14.4 103 0 17.8 79.1 10.5 3.5 2 1 3 5 5
4125.5 6802.8 -13.8 193 0 74.0 16.1 10.5 3.5 2 0 3 5 5
4102.3 6916.9 -15.0 282 0 14.1 115.0 14.0 0.0 0 1 4 3 3
3971.8 7209.3 -19.2 194 0 37.1 7.8 10.5 3.5 2 0 3 4 4
4010.4 7213.1 -19.1 14 0 10.7 28.7 14.0 3.5 2 0 4 2 2
4000.4 7168.2 -19.0 14 0 66.3 9.9 10.5 3.5 2 0 3 0 0
3991.4 7119.2 -17.8 14 0 10.0 39.0 10.5 3.5 2 1 3 3 3
3909.5 7129.6 -17.6 104 0 19.7 9.8 10.5 3.5 2 0 3 0 0
3892.8 7152.5 -19.1 104 0 13.4 86.4 14.0 3.5 2 1 4 2 2
3936.4 7187.3 -19.2 12 0 89.0 12.9 14.0 0.0 0 0 4 4 4
3947.6 7240.8 -19.5 14 0 10.0 40.3 14.0 3.5 2 1 4 0 0
3927.9 7315.7 -19.5 104 0 11.0 56.0 10.5 3.5 2 1 3 3 3
3952.8 7421.3 -19.5 284 0 11.4 42.8 10.5 3.5 2 1 3 2 2
3980.8 7414.6 -19.6 284 0 11.6 62.4 10.5 3.5 2 1 3 5 5
3967.6 7327.8 -19.6 14 0 41.5 11.7 10.5 3.5 2 0 3 5 5
4050.1 7390.3 -19.6 14 0 10.1 37.5 14.0 3.5 2 1 4 5 5
4005.1 7358.6 -19.5 194 0 61.3 8.8 10.5 3.5 2 0 3 2 2
4037.9 7345.8 -19.5 14 0 57.7 9.0 10.5 3.5 2 0 3 4 4
