-5777.5 9838.1 22.6 129 0 12.8 26.7 10.0 2.5 2 0 4 3 3
-5313.9 10478.7 100.9 161 0 6.2 11.1 7.5 2.5 2 1 3 4 4
-6192.7 8842.6 130.0 40 0 13.6 21.4 12.5 2.5 2 1 5 3 3
-6121.6 8821.1 120.2 46 0 11.3 16.2 2.5 0.0 0 1 1 1 1
-757.2 7655.8 205.8 345 0 12.1 17.1 7.5 2.5 2 1 3 4 4
-776.7 7690.2 198.5 297 0 6.5 12.4 5.0 2.5 4 1 2 4 4
-1745.1 7825.0 161.9 275 0 15.1 7.5 7.5 2.5 2 0 3 1 1
-5775.6 9804.6 28.0 124 0 7.5 20.8 7.5 2.5 2 1 3 2 2
-6767.0 10368.1 146.8 303 0 7.7 19.3 5.0 2.5 2 1 2 4 4
-6115.9 8785.7 124.0 356 0 13.8 16.9 12.5 2.5 2 1 5 2 2
-5965.7 8914.7 111.1 344 0 16.5 25.2 15.0 0.0 0 1 6 1 1
-6023.8 8968.0 97.5 288 0 14.3 10.8 2.5 2.5 2 0 1 3 3
430.6 10265.2 -28.9 178 0 5.9 15.0 5.0 2.5 2 1 2 4 4
875.2 10103.1 121.4 153 0 15.9 32.7 7.5 0.0 0 1 3 5 5
81.3 10650.7 -35.0 226 0 9.4 16.4 5.0 2.5 2 1 2 2 2
466.1 10173.6 15.0 255 0 17.2 9.4 7.5 2.5 2 0 3 4 4
469.8 10616.9 -142.1 38 0 28.7 10.4 10.0 2.5 2 0 4 2 2
337.7 10525.2 -136.1 154 0 9.2 14.9 5.0 2.5 2 1 2 4 4
98.7 10609.2 -35.1 22 0 14.3 18.4 12.5 2.5 4 1 5 4 4
392.2 10685.5 -154.5 56 0 9.1 26.4 7.5 2.5 2 1 3 4 4
408.1 10726.4 -160.8 19 0 15.0 16.8 12.5 2.5 2 1 5 3 3
343.7 10653.3 -145.4 66 0 14.3 24.9 10.0 2.5 2 1 4 5 5
370.6 10569.7 -139.9 332 0 11.9 21.2 12.5 2.5 4 1 5 4 4
1331.7 8969.4 178.7 324 0 6.3 44.9 7.5 2.5 2 1 3 2 2
1355.4 8965.5 176.3 62 0 11.2 20.1 5.0 0.0 0 1 2 3 3
1355.5 8931.2 184.5 346 0 6.3 28.7 7.5 2.5 2 1 3 0 0
1349.4 8951.2 181.4 324 0 6.3 36.6 5.0 2.5 2 1 2 2 2
1325.5 8978.9 177.2 324 0 6.3 44.9 7.5 2.5 2 1 3 2 2
1341.4 8960.9 180.0 324 0 6.3 44.9 7.5 2.5 2 1 3 5 5
-762.1 7777.1 211.7 88 0 15.8 25.3 10.0 2.5 2 1 4 0 0
-673.0 7546.1 218.7 207 0 8.8 22.5 7.5 2.5 2 1 3 3 3
3481.6 9671.9 -317.3 255 0 20.3 26.8 12.5 0.0 0 1 5 4 4
1264.5 8783.7 215.2 215 0 12.7 9.6 5.0 2.5 4 0 2 2 2
1405.5 8676.2 210.3 35 0 12.7 9.6 7.5 0.0 0 0 3 5 5
3423.7 9663.5 -317.9 332 0 10.3 22.6 7.5 2.5 2 1 3 5 5
1208.8 8668.7 236.5 122 0 10.0 9.5 7.5 2.5 2 0 3 5 5
1353.3 8673.0 217.7 35 0 12.7 9.6 5.0 2.5 2 0 2 0 0
1292.7 8624.9 232.4 125 0 9.6 12.7 2.5 2.5 2 1 1 4 4
2249.9 8442.3 -170.7 64 0 16.8 8.6 7.5 2.5 4 0 3 3 3
1302.7 8649.4 227.5 122 0 10.0 9.5 2.5 2.5 4 0 1 2 2
1320.7 8771.8 210.3 32 0 9.5 10.0 7.5 2.5 2 1 3 5 5
1329.2 8638.6 227.0 32 0 9.5 10.0 7.5 0.0 0 1 3 4 4
-728.2 7876.9 209.8 19 0 15.1 9.5 2.5 2.5 2 0 1 4 4
1275.1 8775.2 214.9 215 0 12.7 9.6 7.5 2.5 2 0 3 1 1
1336.6 8656.4 222.7 35 0 12.7 9.6 5.0 0.0 0 0 2 5 5
1762.4 7785.8 -99.9 354 0 15.0 9.7 5.0 0.0 0 0 2 0 0
1340.5 8629.6 227.0 32 0 9.5 10.0 2.5 2.5 2 1 1 4 4
-1157.1 7837.0 226.7 100 0 6.8 18.4 5.0 2.5 2 1 2 3 3
603.8 9223.2 250.4 325 0 26.7 12.0 12.5 2.5 2 0 5 1 1
2335.9 8408.1 -149.3 82 0 10.4 11.3 2.5 2.5 2 1 1 4 4
1352.4 8802.9 203.8 302 0 10.0 9.5 7.5 2.5 2 0 3 5 5
3514.4 9584.5 -295.0 141 0 8.2 14.6 5.0 2.5 2 1 2 5 5
1308.9 8780.0 211.0 32 0 9.5 10.0 5.0 2.5 4 1 2 4 4
-957.5 8002.1 222.5 179 0 12.8 19.4 5.0 2.5 2 1 2 3 3
3463.2 9675.9 -319.6 238 0 13.6 9.1 7.5 2.5 4 0 3 1 1
1305.1 8741.7 215.1 42 0 9.5 10.0 5.0 2.5 2 1 2 5 5
3401.3 8894.3 -84.2 348 0 10.3 19.1 5.0 0.0 0 1 2 1 1
3256.1 9513.1 -296.4 247 0 10.6 8.5 7.5 2.5 2 0 3 0 0
1329.4 8579.0 237.7 284 0 8.4 7.9 2.5 2.5 2 0 1 4 4
1220.6 8661.3 236.2 122 0 10.0 9.5 2.5 2.5 2 0 1 5 5
1284.3 8677.3 226.3 216 0 9.6 12.7 5.0 0.0 0 1 2 0 0
1371.9 8709.0 211.2 302 0 10.0 9.5 7.5 2.5 2 0 3 1 1
1507.6 7543.7 -62.9 80 0 10.8 9.2 7.5 2.5 2 0 3 0 0
1321.9 8791.9 207.9 35 0 12.7 9.6 5.0 2.5 2 0 2 3 3
475.4 8608.4 382.5 51 0 7.3 12.8 7.5 2.5 2 1 3 2 2
1735.4 7699.8 -93.2 238 0 14.2 14.0 5.0 2.5 2 0 2 3 3
1383.6 8700.4 210.9 302 0 10.0 9.5 5.0 0.0 0 0 2 1 1
3506.9 9681.7 -319.4 247 0 11.5 13.2 7.5 2.5 2 1 3 3 3
-941.8 8063.5 220.2 273 0 17.8 11.0 2.5 2.5 2 0 1 5 5
177.4 7249.6 100.8 78 0 26.0 10.2 10.0 2.5 2 0 4 1 1
3402.7 9677.9 -322.2 244 0 21.6 10.3 5.0 2.5 2 0 2 3 3
1304.9 8615.5 232.3 125 0 9.6 12.7 5.0 0.0 0 1 2 4 4
1240.8 8680.3 231.2 35 0 12.7 9.6 7.5 2.5 2 0 3 4 4
1235.5 8710.8 226.8 35 0 12.7 9.6 5.0 0.0 0 0 2 3 3
2149.8 9020.6 -39.5 62 0 7.4 8.4 2.5 2.5 4 1 1 5 5
3054.3 8522.5 22.1 352 0 8.0 15.5 5.0 2.5 2 1 2 5 5
506.0 9161.8 268.5 233 0 17.3 31.9 12.5 2.5 2 0 5 0 0
2273.4 8380.6 -159.5 259 0 14.5 13.1 2.5 2.5 2 0 1 5 5
2138.3 8324.0 -163.5 351 0 18.2 15.9 12.5 2.5 2 0 5 1 1
2067.7 8302.9 -147.8 114 0 7.0 15.7 5.0 2.5 2 1 2 4 4
-551.8 7558.0 200.7 178 0 9.3 21.5 5.0 0.0 0 1 2 1 1
3599.4 9377.4 -247.4 261 0 18.4 13.9 12.5 2.5 2 0 5 4 4
540.9 9123.0 271.2 53 0 17.8 20.1 12.5 2.5 2 0 5 2 2
1691.9 7684.2 -94.1 35 0 15.5 14.2 10.0 2.5 2 0 4 5 5
3264.0 9583.3 -303.1 78 0 9.6 19.1 7.5 2.5 2 1 3 3 3
3525.4 9243.7 -198.1 223 0 15.0 28.7 10.0 2.5 2 1 4 4 4
135.0 7252.4 98.7 79 0 17.7 17.4 12.5 2.5 2 0 5 3 3
3026.7 8535.2 16.3 261 0 13.5 16.3 15.0 0.0 0 1 6 2 2
-706.3 7964.6 207.2 345 0 19.8 14.1 10.0 2.5 2 0 4 1 1
3467.4 9015.6 -112.5 4 0 13.3 18.7 5.0 2.5 2 1 2 3 3
217.7 7235.1 96.4 92 0 19.5 15.2 10.0 2.5 4 0 4 4 4
-1135.9 7855.4 226.7 280 0 11.9 20.6 5.0 2.5 2 1 2 2 2
-1010.3 8069.4 215.9 165 0 17.4 27.9 12.5 2.5 2 1 5 4 4
-721.8 7785.0 210.0 347 0 15.7 17.0 10.0 2.5 2 1 4 2 2
1732.0 7718.4 -97.7 43 0 20.4 11.5 5.0 0.0 0 0 2 5 5
-650.2 7639.6 213.7 145 0 10.8 21.7 10.0 2.5 2 1 4 5 5
-6646.8 11369.7 157.6 193 0 11.2 16.2 5.0 2.5 2 1 2 5 5
-6059.9 11018.8 184.8 73 0 7.6 20.4 7.5 2.5 4 1 3 5 5
-6633.3 11443.7 163.6 139 0 14.6 17.3 10.0 2.5 2 1 4 5 5
-6591.2 11344.3 166.1 141 0 20.1 13.6 10.0 2.5 2 0 4 2 2
5717.0 8790.3 -366.6 336 0 69.8 66.0 10.0 0.0 0 0 4 4 4
5689.0 8841.8 -369.3 61 0 127.4 83.1 12.5 0.0 0 0 5 3 3
5805.7 8905.3 -373.5 227 0 73.1 101.1 10.0 0.0 0 1 4 1 1
5740.6 8919.4 -373.8 136 0 68.6 77.3 10.0 0.0 0 1 4 1 1
5894.6 8915.7 -371.6 52 0 37.5 30.1 12.5 0.0 0 0 5 2 2
5951.7 9047.6 -381.3 231 0 121.8 124.2 12.5 0.0 0 1 5 4 4
5843.9 9125.1 -381.8 19 0 93.7 74.1 10.0 0.0 0 0 4 2 2
6132.6 9229.4 -385.0 237 0 62.1 61.3 15.0 0.0 0 0 6 1 1
6015.2 9354.0 -385.2 153 0 38.6 14.1 7.5 2.5 2 0 3 2 2
6036.1 9392.8 -386.3 115 0 14.8 49.4 7.5 2.5 2 1 3 2 2
6042.1 9065.7 -381.7 327 0 46.9 9.8 7.5 0.0 0 0 3 5 5
6073.5 9017.9 -373.9 325 0 7.8 8.8 5.0 2.5 2 1 2 1 1
5671.4 9492.9 -387.3 85 0 83.2 69.6 10.0 0.0 0 0 4 5 5
5813.1 10136.5 -398.6 351 0 19.5 30.9 15.0 0.0 0 0 6 5 5
5800.3 10163.9 -398.9 355 0 11.6 19.5 5.0 2.5 2 0 2 3 3
5942.5 10003.8 -396.8 118 0 16.1 37.8 10.0 2.5 2 1 4 2 2
6000.3 10080.1 -395.2 91 0 23.0 24.7 7.5 2.5 2 1 3 3 3
5813.7 10061.2 -397.3 352 0 21.5 13.5 7.5 2.5 2 0 3 2 2
5954.2 10178.1 -395.0 168 0 54.6 20.4 7.5 2.5 2 0 3 4 4
5893.2 10126.2 -398.5 333 0 9.4 12.4 5.0 2.5 2 1 2 5 5
6393.3 8445.2 -387.2 79 0 16.5 19.9 12.5 2.5 2 1 5 2 2
6344.2 8453.3 -383.3 95 0 22.4 11.5 7.5 2.5 2 0 3 2 2
6339.5 8538.8 -384.3 337 0 18.6 8.0 5.0 0.0 0 0 2 0 0
6333.7 8560.1 -383.1 331 0 9.3 8.5 7.5 2.5 2 0 3 4 4
6297.3 8690.5 -384.2 187 0 3.7 11.4 2.5 2.5 2 1 1 5 5
6351.0 8749.4 -391.5 33 0 15.4 8.6 5.0 2.5 2 0 2 4 4
6436.9 8786.9 -388.4 160 0 16.0 17.6 7.5 2.5 2 1 3 3 3
6459.5 8889.0 -376.6 186 0 23.1 11.3 10.0 2.5 2 0 4 3 3
6525.1 8904.0 -378.9 338 0 25.2 18.6 10.0 2.5 2 0 4 2 2
6715.8 8583.6 -394.9 165 0 14.5 14.5 5.0 2.5 2 1 2 1 1
6702.6 8609.2 -394.8 163 0 13.5 15.9 5.0 0.0 0 1 2 2 2
6651.0 8889.4 -386.4 328 0 13.8 25.7 10.0 0.0 0 1 4 0 0
6625.0 8934.5 -387.9 157 0 24.0 17.6 10.0 2.5 2 0 4 2 2
6523.7 8966.3 -382.3 161 0 23.1 10.2 7.5 0.0 0 0 3 5 5
6425.8 9069.6 -379.8 320 0 91.8 8.1 7.5 2.5 2 0 3 0 0
6440.9 9081.8 -381.7 143 0 33.4 9.3 7.5 0.0 0 0 3 2 2
6386.2 9307.5 -388.7 69 0 18.3 35.2 12.5 0.0 0 1 5 3 3
6449.0 8359.9 -376.5 52 0 17.6 45.4 10.0 0.0 0 1 4 5 5
6759.9 8788.6 -396.4 250 0 12.8 21.4 15.0 0.0 0 1 6 2 2
6663.4 8920.9 -389.7 65 0 8.9 27.0 7.5 2.5 2 1 3 5 5
6864.5 9043.7 -398.4 276 0 17.5 11.8 5.0 2.5 2 0 2 3 3
6802.0 9176.3 -398.5 224 0 20.4 17.1 10.0 2.5 2 0 4 1 1
6428.0 9608.9 -382.2 96 0 26.8 8.3 2.5 2.5 2 0 1 1 1
5888.3 8370.6 -341.3 250 0 13.3 24.4 10.0 2.5 2 1 4 4 4
5245.9 9121.8 -342.6 169 0 31.5 12.5 10.0 2.5 2 0 4 2 2
