-193.2 -7574.9 -16.3 55 0 153.1 180.5 14.0 0.0 0 1 4 4 4
-367.1 -7696.8 -15.9 55 0 225.1 180.6 14.0 0.0 0 0 4 2 2
-480.7 -7301.3 -14.5 217 0 128.3 70.5 14.0 0.0 0 0 4 1 1
-267.1 -8070.0 -18.2 145 0 55.1 598.9 7.5 0.0 0 1 3 2 2
-214.5 -8147.0 -18.2 145 0 55.1 598.9 12.5 0.0 0 1 5 3 3
-332.5 -7156.0 -14.5 307 0 70.5 128.3 14.0 0.0 0 1 4 2 2
-255.4 -7213.3 -15.6 306 0 98.1 126.7 14.0 0.0 0 1 4 5 5
-415.1 -7349.4 -15.3 217 0 128.3 70.5 14.0 0.0 0 0 4 2 2
-674.1 -7604.2 -15.2 146 0 121.0 219.3 14.0 0.0 0 1 4 0 0
-4424.4 -3918.4 0.7 168 0 154.5 36.9 14.0 0.0 0 0 4 3 3
-1770.7 -7340.9 -8.3 98 0 43.6 132.8 10.0 0.0 0 1 4 0 0
6668.1 -6592.5 -30.7 75 0 15.2 95.3 12.5 2.5 2 1 5 1 1
-2720.3 -8198.7 -5.7 104 0 41.3 152.5 14.0 0.0 0 1 4 1 1
-6617.9 4227.3 -5.0 270 0 55.3 90.0 5.0 0.0 0 1 2 5 5
-1743.1 -7584.3 -8.5 278 0 46.4 19.2 14.0 3.5 4 0 4 5 5
1872.2 1585.3 -23.5 127 0 68.4 63.4 10.5 0.0 0 0 3 5 5
-1681.8 -7559.4 -8.7 279 0 45.0 15.4 14.0 3.5 2 0 4 3 3
-2897.0 -7580.8 -4.2 281 0 24.4 36.7 7.5 0.0 0 1 3 4 4
2115.6 1934.5 -25.7 104 0 23.8 128.8 14.0 0.0 0 1 4 2 2
-2657.6 -7591.1 -4.0 279 0 20.3 34.9 7.5 0.0 0 1 3 0 0
1437.6 2010.4 -22.6 134 0 18.7 65.5 14.0 3.5 2 1 4 3 3
-1127.3 -7051.6 -12.9 22 0 131.4 24.6 10.0 0.0 0 0 4 0 0
-1695.2 -7648.0 -8.9 277 0 46.3 19.5 14.0 3.5 2 0 4 2 2
-403.6 -8116.1 -15.0 309 0 36.8 141.4 12.5 0.0 0 1 5 4 4
-2814.6 -7782.8 -4.2 98 0 29.8 15.5 7.5 2.5 2 0 3 0 0
1525.9 1972.9 -22.9 43 0 64.9 33.8 14.0 0.0 0 0 4 3 3
-1815.5 -8374.7 -9.4 104 0 41.9 56.9 14.0 0.0 0 1 4 2 2
-5808.1 -6647.5 7.4 46 0 46.1 90.2 7.5 0.0 0 1 3 5 5
-1765.5 -7735.6 -8.4 278 0 46.6 16.3 14.0 3.5 2 0 4 5 5
-369.5 -8252.6 -13.5 39 0 112.0 23.6 10.0 0.0 0 0 4 5 5
-1723.2 -8397.9 -9.8 104 0 40.5 55.7 14.0 0.0 0 1 4 2 2
-1705.2 -7717.7 -8.9 279 0 45.2 18.4 14.0 0.0 0 0 4 4 4
-2519.2 -7431.9 -3.9 277 0 62.1 20.9 10.0 2.5 4 0 4 3 3
-670.2 -8128.9 -13.7 306 0 34.7 103.7 10.0 0.0 0 1 4 5 5
2223.4 -7627.7 -26.4 311 0 60.3 21.1 7.5 2.5 2 0 3 2 2
-2398.6 -7591.6 -3.3 11 0 32.7 22.0 5.0 0.0 0 0 2 0 0
-774.1 -8234.8 -13.3 122 0 55.4 20.6 10.0 2.5 2 0 4 5 5
-1284.3 -6909.2 -12.2 279 0 106.6 22.6 12.5 0.0 0 0 5 1 1
3872.3 -5207.2 -30.1 122 0 41.4 67.0 10.0 0.0 0 1 4 3 3
2166.9 -7692.7 -25.5 130 0 59.9 21.8 10.0 2.5 4 0 4 0 0
-2288.0 -7612.2 -5.8 194 0 87.9 19.3 14.0 0.0 0 0 4 4 4
-847.0 -8056.1 -14.1 201 0 165.3 38.9 10.0 0.0 0 0 4 4 4
-2554.0 -8212.2 -6.1 13 0 64.3 128.2 14.0 0.0 0 1 4 2 2
-1163.0 -7005.1 -12.4 9 0 25.2 187.5 12.5 0.0 0 1 5 4 4
2191.2 -7780.8 -27.1 132 0 67.0 151.7 15.0 0.0 0 1 6 1 1
-787.1 -8570.7 -14.0 39 0 31.8 72.3 10.0 0.0 0 1 4 5 5
-1687.3 -7064.8 -9.1 277 0 142.3 44.6 12.5 0.0 0 0 5 0 0
-2319.4 -8024.8 -6.7 284 0 28.5 142.8 14.0 0.0 0 1 4 5 5
-2097.1 -6963.1 -4.7 194 0 63.9 97.7 7.5 0.0 0 1 3 3 3
4404.6 -8017.7 -20.9 300 0 8.8 59.8 5.0 0.0 0 1 2 5 5
-2425.7 -8150.9 -6.7 194 0 20.1 48.3 14.0 3.5 2 1 4 2 2
-2367.6 -8334.5 -7.2 285 0 63.2 108.3 14.0 0.0 0 1 4 5 5
1683.9 1759.6 -23.4 127 0 18.1 54.5 14.0 0.0 0 1 4 3 3
-3663.5 -1896.1 -6.3 252 0 44.9 33.6 7.5 0.0 0 0 3 0 0
2050.2 -7631.7 -24.8 131 0 21.3 50.1 7.5 2.5 2 1 3 1 1
1830.4 2044.0 -24.1 314 0 68.9 47.8 14.0 0.0 0 0 4 0 0
-1670.3 -7977.3 -9.5 99 0 39.8 101.6 14.0 0.0 0 1 4 0 0
-4360.8 -3823.1 0.7 257 0 35.7 159.0 14.0 0.0 0 1 4 2 2
-1755.7 -7423.3 -8.3 98 0 98.6 48.3 15.0 0.0 0 0 6 3 3
6665.5 -6505.4 -30.6 254 0 15.6 84.7 7.5 2.5 2 1 3 0 0
2117.4 -7693.4 -25.2 131 0 30.7 17.8 10.0 2.5 2 0 4 0 0
1715.2 2098.4 -23.8 220 0 35.4 64.3 14.0 0.0 0 1 4 1 1
-2988.0 -7528.6 -4.4 282 0 139.2 30.3 7.5 0.0 0 0 3 4 4
-1612.8 -8249.4 -9.9 9 0 17.5 228.9 14.0 0.0 0 1 4 1 1
-1738.2 -7551.6 -8.5 279 0 45.8 14.3 14.0 3.5 4 0 4 3 3
2117.1 -7590.8 -25.5 222 0 21.1 61.3 7.5 2.5 2 1 3 3 3
1996.1 1664.6 -24.2 37 0 77.0 84.3 10.5 0.0 0 1 3 2 2
-1943.7 -8110.1 -8.4 279 0 76.9 37.0 14.0 0.0 0 0 4 5 5
-1687.7 -7594.0 -8.8 278 0 45.7 18.5 14.0 3.5 2 0 4 5 5
2085.0 1958.2 -25.6 104 0 23.6 113.5 14.0 0.0 0 1 4 5 5
-2667.9 -7642.5 -3.9 98 0 19.1 11.5 10.0 2.5 2 0 4 4 4
-723.5 -6968.2 -15.3 106 0 74.9 180.4 10.0 0.0 0 1 4 3 3
-1915.5 -8351.0 -9.0 103 0 40.4 49.9 14.0 0.0 0 1 4 4 4
-2217.6 -7541.7 -6.0 280 0 65.3 16.1 14.0 3.5 2 0 4 5 5
2174.6 1978.9 -25.9 14 0 142.7 23.9 14.0 0.0 0 0 4 5 5
-2705.9 -7657.9 -4.3 100 0 34.6 60.1 7.5 0.0 0 1 3 1 1
-1869.4 -8361.3 -9.2 105 0 39.1 50.2 14.0 0.0 0 1 4 3 3
-4630.1 -4049.8 2.2 153 0 41.9 35.6 14.0 0.0 0 0 4 5 5
-2384.9 -7780.3 -6.3 189 0 23.4 118.7 14.0 0.0 0 1 4 0 0
-2778.6 -7738.2 -4.4 99 0 62.7 131.3 10.0 0.0 0 1 4 3 3
-1768.0 -8382.3 -9.6 104 0 40.7 49.9 14.0 0.0 0 1 4 4 4
-5849.7 -6689.5 8.2 45 0 47.0 89.6 12.5 0.0 0 1 5 3 3
-2111.8 -7027.1 -5.0 195 0 46.9 105.3 17.5 0.0 0 1 7 2 2
4419.3 -8026.8 -20.9 300 0 8.4 59.7 7.5 2.5 2 1 3 0 0
-2152.9 -8164.8 -7.6 14 0 50.4 103.4 14.0 0.0 0 1 4 5 5
-1668.6 -8297.1 -9.7 10 0 50.3 181.6 14.0 0.0 0 1 4 2 2
-2234.6 -7136.0 -5.6 194 0 96.8 202.9 17.5 0.0 0 1 7 1 1
-2780.3 -8184.2 -5.2 104 0 48.2 253.7 14.0 0.0 0 1 4 3 3
-6712.5 4189.4 -4.6 181 0 79.6 46.1 7.5 0.0 0 0 3 3 3
-2262.7 -8033.4 -6.9 284 0 41.2 109.8 14.0 0.0 0 1 4 1 1
-1690.5 -7621.5 -8.8 279 0 46.3 15.5 14.0 3.5 2 0 4 2 2
-431.4 -8068.0 -14.9 309 0 23.7 160.2 7.5 0.0 0 1 3 0 0
-2407.3 -8082.3 -6.6 195 0 49.9 47.1 14.0 0.0 0 0 4 5 5
1461.9 1987.8 -22.8 134 0 15.8 66.7 14.0 0.0 0 1 4 2 2
-1762.0 -7711.7 -8.4 278 0 46.6 18.4 14.0 0.0 0 0 4 4 4
-370.5 -8163.0 -13.9 308 0 25.1 125.6 10.0 0.0 0 1 4 5 5
-2444.9 -8074.3 -6.4 194 0 159.4 25.5 14.0 0.0 0 0 4 2 2
-1709.5 -7744.0 -8.9 278 0 44.3 16.0 14.0 3.5 4 0 4 0 0
235.2 -8612.0 -20.5 148 0 44.8 201.5 7.5 0.0 0 1 3 3 3
-2454.8 -8308.5 -6.9 285 0 90.0 102.1 14.0 0.0 0 1 4 2 2
-2641.0 -7416.4 -4.5 277 0 151.7 20.2 12.5 0.0 0 0 5 1 1
1706.8 1741.0 -23.4 127 0 24.3 56.2 14.0 3.5 2 1 4 0 0
-5941.3 -6718.3 9.0 134 0 91.0 48.1 10.0 0.0 0 0 4 3 3
438.1 -8557.9 -20.3 328 0 54.2 200.4 12.5 0.0 0 1 5 0 0
2244.9 -7618.0 -26.6 310 0 41.5 14.7 10.0 2.5 4 0 4 5 5
2079.3 -7660.1 -25.0 130 0 30.2 18.6 12.5 2.5 2 0 5 1 1
-2607.8 -7451.9 -4.3 278 0 223.2 117.7 10.0 0.0 0 0 4 5 5
1772.1 1974.8 -23.8 134 0 77.0 29.2 14.0 0.0 0 0 4 5 5
-3062.6 -6934.3 -5.0 97 0 61.1 139.6 10.5 0.0 0 1 3 4 4
-1602.9 -8186.2 -9.9 9 0 74.6 102.5 14.0 0.0 0 1 4 0 0
2203.5 -7650.5 -25.9 311 0 60.2 22.3 10.0 2.5 2 0 4 0 0
2096.1 -7615.8 -25.1 221 0 22.0 61.0 7.5 0.0 0 1 3 2 2
-2331.9 -7492.1 -4.0 188 0 40.6 50.4 14.0 0.0 0 1 4 1 1
1683.5 2062.5 -23.4 221 0 34.8 65.2 14.0 0.0 0 1 4 1 1
-714.2 -8098.0 -13.8 306 0 48.1 103.7 5.0 0.0 0 1 2 4 4
-3067.9 -7570.5 -4.3 192 0 31.5 139.7 12.5 0.0 0 1 5 1 1
-1771.9 -8122.0 -9.1 280 0 102.5 72.9 14.0 0.0 0 0 4 0 0
-1247.8 -6946.4 -12.5 278 0 187.6 25.4 10.0 0.0 0 0 4 4 4
2156.0 -7726.6 -25.5 131 0 30.8 17.7 10.0 2.5 2 0 4 1 1
2137.7 -7567.0 -25.9 222 0 21.6 61.3 5.0 2.5 2 1 2 4 4
-2260.0 -7619.1 -6.4 194 0 89.3 48.4 14.0 0.0 0 0 4 1 1
-770.0 -8450.5 -14.0 310 0 128.5 73.3 12.5 0.0 0 0 5 1 1
-1996.8 -8169.6 -8.5 189 0 36.0 76.7 14.0 0.0 0 1 4 2 2
-1233.7 -7222.7 -11.0 9 0 46.8 95.4 10.0 0.0 0 1 4 1 1
-2215.7 -7489.1 -5.6 279 0 66.5 40.4 14.0 0.0 0 0 4 4 4
-1710.8 -7192.4 -9.0 98 0 146.9 44.2 10.0 0.0 0 0 4 0 0
-2368.5 -7713.6 -6.5 188 0 24.3 120.5 14.0 0.0 0 1 4 2 2
4389.6 -8010.1 -20.9 300 0 8.6 45.0 5.0 2.5 2 1 2 1 1
-2166.8 -8220.5 -7.6 14 0 44.3 25.3 14.0 0.0 0 0 4 1 1
-2037.6 -7354.9 -6.9 104 0 48.6 213.5 7.5 0.0 0 1 3 4 4
4402.7 -8087.7 -20.9 121 0 8.7 61.6 7.5 2.5 2 1 3 2 2
-2261.0 -7246.9 -5.9 194 0 102.0 200.6 10.0 0.0 0 1 4 1 1
3422.2 3497.8 -34.1 355 0 21.2 19.3 7.5 2.5 2 0 3 0 0
-2892.8 -1666.5 -7.5 254 0 114.1 22.4 7.5 0.0 0 0 3 5 5
-3029.9 -1706.4 -6.8 254 0 114.1 22.4 10.0 0.0 0 0 4 0 0
-3209.6 -1667.0 -6.0 253 0 26.5 127.8 7.5 0.0 0 1 3 1 1
-2689.9 -1619.2 -8.5 344 0 22.4 114.1 12.5 0.0 0 1 5 0 0
-6473.4 2882.1 -7.2 144 0 27.4 13.4 10.0 2.5 2 0 4 2 2
6565.8 -975.5 -41.3 222 0 86.9 54.7 15.0 0.0 0 0 6 1 1
4809.4 -2100.4 -34.1 211 0 97.3 122.3 12.5 0.0 0 1 5 4 4
-1675.6 -10141.7 -12.8 67 0 20.9 78.8 17.5 0.0 0 1 5 2 2
-1610.8 -10156.2 -13.0 340 0 50.9 16.2 17.5 3.5 2 0 5 0 0
-1564.8 -10141.8 -13.3 165 0 29.8 16.6 17.5 3.5 2 0 5 1 1
-1658.3 -10370.7 -12.9 128 0 110.2 70.6 17.5 0.0 0 0 5 2 2
-1769.5 -10271.9 -12.3 125 0 34.0 27.1 17.5 0.0 0 0 5 0 0
-1887.1 -10682.1 -12.9 116 0 119.6 25.9 17.5 0.0 0 0 5 1 1
-1993.7 -10760.4 -13.2 116 0 85.0 56.5 17.5 0.0 0 0 5 5 5
-1832.6 -10745.7 -14.0 296 0 66.1 86.9 17.5 0.0 0 1 5 3 3
-2374.0 8630.3 -28.5 43 0 94.5 128.7 10.5 0.0 0 1 3 4 4
-2445.6 8549.5 -28.3 43 0 94.5 128.7 10.5 0.0 0 1 3 0 0
-2526.0 8469.3 -28.1 43 0 94.5 128.7 10.5 0.0 0 1 3 5 5
-2332.5 8762.3 -28.9 44 0 92.6 28.5 10.5 0.0 0 0 3 0 0
-2195.7 8813.8 -29.2 43 0 94.5 128.7 10.5 0.0 0 1 3 3 3
-2298.3 8916.8 -29.2 43 0 94.5 128.7 10.5 0.0 0 1 3 3 3
-2319.0 9081.8 -29.5 223 0 94.5 128.7 10.5 0.0 0 1 3 2 2
-2164.8 9148.1 -29.8 313 0 128.7 94.5 10.5 0.0 0 0 3 4 4
-2047.7 8973.2 -29.5 43 0 94.5 128.7 10.5 0.0 0 1 3 4 4
-2119.3 8892.4 -29.3 43 0 94.5 128.7 10.5 0.0 0 1 3 0 0
-2360.9 9267.9 -30.0 223 0 94.5 128.7 10.5 0.0 0 1 3 3 3
-2436.6 9194.5 -29.5 223 0 94.5 128.7 10.5 0.0 0 1 3 4 4
-2505.5 9118.5 -29.1 223 0 94.5 128.7 10.5 0.0 0 1 3 1 1
-2603.4 9020.7 -28.5 223 0 94.5 128.7 10.5 0.0 0 1 3 4 4
-2689.2 8926.3 -28.0 223 0 94.5 128.7 10.5 0.0 0 1 3 0 0
-2762.2 8855.0 -28.1 223 0 94.5 128.7 10.5 0.0 0 1 3 5 5
-2841.2 8773.5 -28.5 223 0 94.5 128.7 10.5 0.0 0 1 3 5 5
-2632.1 8571.2 -28.2 43 0 94.5 128.7 10.5 0.0 0 1 3 4 4
-2552.4 8652.0 -27.9 43 0 94.5 128.7 10.5 0.0 0 1 3 2 2
-2476.0 8730.8 -28.2 43 0 94.5 128.7 10.5 0.0 0 1 3 3 3
-2439.8 8867.6 -28.6 44 0 93.9 58.1 10.5 0.0 0 0 3 5 5
-2389.8 8819.2 -28.7 44 0 93.9 58.1 10.5 0.0 0 0 3 0 0
-2266.9 8664.2 -28.9 44 0 23.9 20.7 10.5 3.5 2 0 3 0 0
-2227.6 8705.1 -29.1 44 0 23.9 20.7 10.5 3.5 2 0 3 3 3
-3223.3 8050.0 -26.6 143 0 251.5 158.6 10.5 0.0 0 0 3 3 3
-3470.6 8377.4 -26.3 142 0 297.9 157.9 10.5 0.0 0 0 3 3 3
-3174.7 8297.0 -27.2 141 0 127.3 114.0 10.5 0.0 0 0 3 5 5
-3155.2 6736.4 -22.9 320 0 127.6 149.3 14.0 0.0 0 1 4 0 0
-5281.5 7956.5 -21.0 91 0 120.5 60.3 14.0 0.0 0 0 4 3 3
-5280.2 8036.0 -21.0 91 0 120.5 60.3 14.0 0.0 0 0 4 5 5
-5280.2 8112.9 -21.1 91 0 120.5 60.3 14.0 0.0 0 0 4 3 3
-5130.5 7955.2 -20.6 91 0 120.5 60.3 14.0 0.0 0 0 4 0 0
-5068.9 8063.5 -20.6 1 0 60.3 120.5 14.0 0.0 0 1 4 0 0
-5067.9 8142.3 -20.6 1 0 60.3 120.5 14.0 0.0 0 1 4 2 2
-4933.6 8038.8 -19.9 1 0 65.9 101.1 14.0 0.0 0 1 4 4 4
-4843.0 8058.1 -19.7 1 0 24.3 60.7 14.0 3.5 2 1 4 1 1
-4868.3 8015.7 -19.5 360 0 20.5 36.5 14.0 0.0 0 1 4 0 0
-4963.6 8122.6 -19.9 1 0 60.4 69.1 14.0 0.0 0 1 4 1 1
-4510.5 8167.8 -21.2 230 0 117.6 193.3 14.0 0.0 0 1 4 2 2
-4237.7 8149.5 -21.6 321 0 289.9 93.1 14.0 0.0 0 0 4 4 4
-4322.1 8597.1 -23.8 199 0 208.9 59.2 14.0 0.0 0 0 4 5 5
-4185.7 8661.1 -23.5 289 0 59.3 178.9 14.0 0.0 0 1 4 4 4
-4111.5 8636.1 -23.3 289 0 58.4 99.3 14.0 0.0 0 1 4 4 4
1722.3 2341.3 -24.2 355 0 13.6 20.3 14.0 3.5 2 1 4 5 5
1661.9 2323.1 -24.0 175 0 13.0 29.8 14.0 3.5 2 1 4 2 2
1647.1 2368.7 -23.9 265 0 8.4 32.0 10.5 3.5 2 1 3 3 3
1717.3 2366.5 -24.3 355 0 21.2 52.0 14.0 3.5 2 1 4 4 4
-4127.2 -7893.3 16.7 50 0 30.2 25.6 14.0 0.0 0 0 4 4 4
-4196.0 -7947.5 18.7 50 0 10.1 48.7 14.0 3.5 2 1 4 2 2
-4162.2 -7926.0 17.6 50 0 8.9 51.3 10.5 3.5 2 1 3 3 3
-4294.1 -7844.7 18.2 140 0 43.2 25.2 14.0 0.0 0 0 4 4 4
-4255.7 -7892.7 23.3 140 0 38.2 19.0 14.0 3.5 2 0 4 4 4
-4221.0 -7870.6 22.3 140 0 34.7 18.8 14.0 0.0 0 0 4 3 3
-4257.0 -7775.4 15.9 230 0 52.2 28.7 14.0 0.0 0 0 4 0 0
-4156.5 -7710.0 13.1 320 0 43.4 29.3 14.0 0.0 0 0 4 5 5
-3264.9 -7989.6 -3.7 193 0 20.9 102.9 14.0 0.0 0 1 4 0 0
-3204.7 -7843.2 -3.8 283 0 30.7 132.8 14.0 0.0 0 1 4 5 5
-3151.0 -7858.5 -3.6 283 0 56.7 134.2 14.0 0.0 0 1 4 5 5
-6105.2 -1344.8 2.6 323 0 32.9 20.5 10.5 0.0 0 0 3 4 4
-3134.5 -6904.3 -4.8 97 0 62.4 121.8 10.5 0.0 0 1 3 5 5
-2995.0 -6960.1 -5.2 97 0 41.3 159.6 10.5 0.0 0 1 3 1 1
-6415.5 -7278.3 30.4 228 0 56.9 36.8 10.0 0.0 0 0 4 3 3
-6191.8 -6808.4 12.6 45 0 15.9 64.3 5.0 2.5 2 1 2 3 3
-6296.7 -6907.8 14.3 44 0 8.7 49.7 7.5 2.5 2 1 3 1 1
-3714.0 -6474.1 -2.0 96 0 33.7 87.2 10.0 0.0 0 1 4 3 3
-4249.9 -5215.1 5.9 264 0 85.4 14.9 7.5 2.5 4 0 3 2 2
-3123.8 -8699.2 -5.1 78 0 23.3 58.9 10.0 0.0 0 1 4 3 3
-6277.1 9504.5 -21.3 135 0 54.3 24.5 7.5 2.5 2 0 3 3 3
-2095.5 5705.5 -16.6 221 0 41.8 55.1 14.0 0.0 0 1 4 3 3
1990.8 7245.6 -32.6 49 0 26.0 67.7 7.5 0.0 0 0 3 5 5
2021.5 7317.0 -33.0 126 0 22.2 56.3 5.0 2.5 2 1 2 0 0
1945.7 7372.8 -33.0 125 0 148.2 55.8 10.0 0.0 0 0 4 2 2
