5113.9 10109.5 -47.2 180 0 52.2 83.6 17.5 0.0 0 1 5 2 2
5068.8 10227.7 -47.3 202 0 29.4 26.2 14.0 0.0 0 0 4 2 2
5095.4 10191.3 -47.3 132 0 24.7 39.7 14.0 0.0 0 1 4 2 2
6126.0 5456.5 -32.3 86 0 17.0 60.7 17.5 3.5 2 1 5 1 1
6171.0 5467.9 -32.3 87 0 15.9 61.0 17.5 0.0 0 1 5 1 1
6224.3 5528.8 -32.4 277 0 16.6 59.5 14.0 3.5 2 1 4 5 5
6279.1 5486.4 -32.4 19 0 60.1 15.9 17.5 3.5 2 0 5 3 3
6166.7 5545.8 -32.2 85 0 15.8 59.9 14.0 3.5 2 1 4 5 5
6210.8 5554.5 -32.5 91 0 15.9 60.8 14.0 3.5 2 1 4 3 3
6250.3 5551.5 -32.7 103 0 15.7 60.5 14.0 0.0 0 1 4 5 5
6308.5 5593.0 -32.8 290 0 15.5 60.7 14.0 3.5 4 1 4 2 2
6132.3 5290.8 -31.5 176 0 61.1 16.9 14.0 3.5 2 0 4 1 1
6134.1 5236.2 -31.1 177 0 37.4 18.4 14.0 3.5 2 0 4 5 5
6183.9 5288.2 -31.8 86 0 16.7 61.4 17.5 3.5 2 1 5 4 4
6239.8 5241.3 -31.3 20 0 35.8 16.0 14.0 3.5 2 0 4 5 5
6090.9 5430.4 -32.4 86 0 15.0 36.7 17.5 3.5 2 1 5 4 4
6396.7 5543.1 -32.6 320 0 16.1 14.3 17.5 3.5 2 0 5 2 2
6405.8 5565.4 -33.0 52 0 48.9 9.6 10.5 3.5 2 0 3 1 1
6471.7 5558.3 -33.6 60 0 35.9 12.2 17.5 3.5 2 0 5 5 5
6668.0 6636.1 -37.1 220 0 25.6 33.4 7.5 0.0 0 1 3 4 4
6739.1 6574.2 -36.6 40 0 15.4 31.3 7.5 2.5 2 1 3 1 1
6442.4 5663.5 -34.0 319 0 12.3 45.0 17.5 0.0 0 1 5 3 3
6099.4 5976.5 -32.8 221 0 16.8 31.0 14.0 3.5 4 1 4 2 2
6167.7 5928.2 -33.3 312 0 39.6 21.0 14.0 0.0 0 0 4 5 5
6376.8 5590.6 -33.0 49 0 51.7 12.3 17.5 3.5 2 0 5 5 5
6475.7 5626.5 -34.1 329 0 12.9 49.2 17.5 3.5 4 1 5 2 2
6031.7 5534.3 -32.2 355 0 43.9 11.5 17.5 3.5 2 0 5 1 1
6102.6 5603.5 -32.2 177 0 47.3 10.6 17.5 3.5 4 0 5 1 1
5881.5 5114.2 -31.6 109 0 56.9 14.9 17.5 3.5 2 0 5 5 5
5936.6 5097.9 -30.4 110 0 37.9 11.8 17.5 3.5 2 0 5 0 0
6002.2 5137.0 -30.2 267 0 13.4 51.4 17.5 3.5 2 1 5 5 5
4917.6 9764.0 -45.6 335 0 28.9 27.7 14.0 0.0 0 0 4 4 4
4655.9 9634.7 -44.8 237 0 57.2 48.7 14.0 0.0 0 0 4 3 3
3964.7 9252.5 -38.2 315 0 8.7 45.2 10.5 3.5 2 1 3 4 4
3947.2 9207.0 -38.0 136 0 8.3 44.8 10.5 3.5 2 1 3 0 0
4017.2 9243.7 -38.3 316 0 33.5 15.7 17.5 3.5 2 0 5 1 1
4125.5 9043.6 -36.4 239 0 26.8 43.5 14.0 0.0 0 1 4 4 4
4403.5 9179.3 -39.4 61 0 11.9 37.8 14.0 3.5 2 1 4 2 2
4280.7 8903.3 -35.6 145 0 72.4 12.0 14.0 3.5 2 0 4 4 4
4375.0 9077.4 -37.7 239 0 10.7 38.3 14.0 0.0 0 1 4 1 1
4337.5 9113.3 -38.3 61 0 58.8 10.1 14.0 3.5 4 0 4 5 5
4224.7 9051.1 -37.0 58 0 45.5 11.2 14.0 3.5 2 0 4 4 4
4248.3 9227.4 -39.0 260 0 13.4 62.8 14.0 3.5 2 1 4 0 0
4290.5 9052.7 -37.3 243 0 58.4 8.9 10.5 3.5 2 0 3 3 3
4363.8 9304.2 -40.4 259 0 11.7 41.7 14.0 3.5 4 1 4 1 1
4238.1 9279.1 -39.6 261 0 10.2 42.1 14.0 3.5 2 1 4 2 2
4311.9 9240.3 -39.4 260 0 12.5 48.8 14.0 3.5 2 1 4 5 5
4323.1 9128.3 -38.6 59 0 13.6 61.8 14.0 3.5 2 1 4 0 0
4515.8 9105.4 -38.9 55 0 11.3 43.9 14.0 3.5 2 1 4 1 1
4425.0 8991.7 -37.3 61 0 11.1 45.4 14.0 3.5 2 1 4 2 2
4353.6 9089.9 -38.0 241 0 58.7 9.0 10.5 3.5 2 0 3 2 2
4433.8 9110.5 -38.4 240 0 11.5 39.0 14.0 0.0 0 1 4 1 1
4130.3 9217.9 -38.8 163 0 72.7 15.2 14.0 3.5 2 0 4 5 5
4460.9 9152.6 -39.1 240 0 43.1 9.6 10.5 0.0 0 0 3 0 0
4288.2 9312.0 -40.3 259 0 61.7 12.7 14.0 3.5 2 0 4 5 5
4307.4 8921.0 -35.9 149 0 61.8 13.6 14.0 3.5 2 0 4 5 5
4301.7 9289.9 -40.0 258 0 11.1 38.1 14.0 0.0 0 1 4 5 5
4185.7 9157.3 -38.2 155 0 54.2 11.6 14.0 3.5 2 0 4 5 5
4443.6 9212.2 -40.1 53 0 16.3 74.2 14.0 3.5 2 1 4 2 2
4344.2 9247.8 -39.6 259 0 12.8 40.7 14.0 3.5 2 1 4 3 3
4322.2 8843.8 -35.0 142 0 57.4 10.8 14.0 3.5 2 0 4 0 0
4272.9 9077.4 -37.6 59 0 54.7 11.4 14.0 3.5 4 0 4 2 2
4399.0 8861.2 -35.7 59 0 13.6 61.8 14.0 3.5 2 1 4 1 1
4356.6 8915.1 -36.2 59 0 13.6 61.8 14.0 0.0 0 1 4 1 1
4263.3 9013.2 -36.5 239 0 13.6 61.8 14.0 3.5 2 1 4 5 5
4162.7 9263.8 -39.1 252 0 15.7 69.4 14.0 3.5 2 1 4 0 0
4316.7 9045.6 -37.1 239 0 13.6 61.8 14.0 3.5 2 1 4 2 2
4203.6 9272.0 -39.4 259 0 11.0 41.8 14.0 3.5 2 1 4 2 2
4405.6 9094.1 -38.1 239 0 14.1 38.3 14.0 3.5 2 1 4 0 0
4281.6 9229.2 -39.2 262 0 11.2 40.1 14.0 3.5 4 1 4 5 5
4407.0 9121.5 -38.6 242 0 55.6 10.1 14.0 3.5 2 0 4 0 0
4345.8 9060.9 -37.4 239 0 13.6 61.8 14.0 3.5 2 1 4 0 0
4345.0 9322.6 -40.6 259 0 41.9 13.3 14.0 3.5 2 0 4 3 3
4223.5 9008.1 -36.7 151 0 7.6 45.9 10.5 3.5 2 1 3 3 3
4392.8 9145.8 -38.9 61 0 58.1 11.3 14.0 3.5 2 0 4 5 5
4183.7 9076.2 -37.2 156 0 43.9 11.5 14.0 3.5 2 0 4 3 3
4208.4 9295.5 -39.8 260 0 62.8 12.7 14.0 0.0 0 0 4 1 1
4474.6 9039.5 -37.9 59 0 9.7 30.3 10.5 3.5 2 1 3 3 3
4402.4 8966.7 -36.8 58 0 9.4 39.2 10.5 3.5 2 1 3 3 3
4139.0 9282.6 -39.4 260 0 60.3 12.5 14.0 3.5 2 0 4 3 3
4270.5 9284.3 -39.8 259 0 11.8 39.8 14.0 0.0 0 1 4 2 2
4447.9 9017.9 -37.6 60 0 10.9 35.0 14.0 3.5 2 1 4 4 4
4376.7 9163.4 -39.1 59 0 12.5 39.6 14.0 0.0 0 1 4 3 3
4347.8 9145.8 -38.7 60 0 14.1 37.9 14.0 3.5 2 1 4 0 0
4156.1 9138.8 -38.0 157 0 74.3 12.8 14.0 3.5 2 0 4 3 3
4263.7 9093.9 -38.0 59 0 13.6 61.8 14.0 3.5 2 1 4 4 4
4501.8 9057.5 -38.2 59 0 11.0 32.5 14.0 3.5 2 1 4 5 5
4332.7 9298.3 -40.2 257 0 11.3 40.2 14.0 3.5 2 1 4 5 5
4228.0 9154.2 -38.6 79 0 12.5 59.8 14.0 0.0 0 1 4 1 1
4232.1 9078.4 -37.6 60 0 11.5 56.6 14.0 3.5 2 1 4 1 1
4243.2 8968.1 -36.2 149 0 61.8 13.6 14.0 3.5 2 0 4 3 3
4462.4 9127.3 -38.7 238 0 12.7 37.8 14.0 3.5 2 1 4 0 0
4288.3 9112.8 -38.1 60 0 11.3 43.0 14.0 3.5 2 1 4 0 0
4384.3 8931.9 -36.5 59 0 13.6 61.8 14.0 3.5 2 1 4 2 2
4369.8 8844.0 -35.4 59 0 13.6 61.8 14.0 0.0 0 1 4 0 0
4289.7 9028.6 -36.8 239 0 13.6 61.8 14.0 3.5 2 1 4 2 2
3033.4 8378.6 -36.5 256 0 11.2 10.7 14.0 3.5 2 0 4 2 2
3267.2 8369.0 -37.1 134 0 63.7 128.0 14.0 0.0 0 1 4 0 0
5067.7 8966.0 -40.1 135 0 23.9 99.5 14.0 0.0 0 1 4 0 0
3005.0 8371.9 -36.5 176 0 6.4 12.1 10.5 3.5 2 1 3 2 2
4999.3 8987.2 -40.6 135 0 64.3 141.5 14.0 0.0 0 1 4 1 1
3347.4 8589.6 -36.2 319 0 17.5 44.9 14.0 3.5 2 1 4 3 3
3385.7 8580.4 -36.1 310 0 42.1 14.4 14.0 3.5 2 0 4 1 1
3155.6 8507.4 -37.3 238 0 39.9 45.8 14.0 0.0 0 1 4 5 5
4880.8 9225.0 -41.6 317 0 42.7 44.3 17.5 0.0 0 1 5 0 0
3181.2 8549.0 -36.8 239 0 30.3 34.0 14.0 0.0 0 1 4 4 4
3217.2 8410.8 -37.3 57 0 35.5 54.7 14.0 0.0 0 1 4 0 0
3342.2 8553.8 -36.6 313 0 25.2 34.2 14.0 0.0 0 1 4 2 2
5092.9 8942.1 -39.8 136 0 24.2 83.7 14.0 0.0 0 1 4 4 4
2968.4 8343.4 -36.2 47 0 12.7 12.0 17.5 3.5 2 0 5 4 4
3318.3 8511.5 -37.0 323 0 31.1 32.3 14.0 0.0 0 1 4 3 3
3368.6 8564.8 -36.4 313 0 34.1 23.4 14.0 0.0 0 0 4 5 5
3006.9 8331.0 -36.1 66 0 9.9 6.1 10.5 3.5 2 0 3 0 0
3020.8 8330.6 -36.1 75 0 12.9 8.2 10.5 3.5 2 0 3 3 3
3329.8 8610.2 -36.0 322 0 14.4 39.2 14.0 3.5 2 1 4 5 5
5200.8 8973.6 -40.2 44 0 23.7 67.1 14.0 3.5 2 1 4 1 1
3268.0 8604.9 -36.1 233 0 15.0 39.2 14.0 3.5 4 1 4 4 4
3362.1 8613.5 -36.0 134 0 11.8 38.3 14.0 0.0 0 1 4 3 3
3110.8 8329.1 -36.2 94 0 87.7 8.2 10.5 3.5 2 0 3 1 1
3269.4 8493.9 -37.2 237 0 15.4 32.8 14.0 3.5 2 1 4 0 0
3205.7 8512.2 -37.4 239 0 34.4 99.3 14.0 0.0 0 1 4 0 0
4471.9 9691.1 -44.5 46 0 14.0 73.4 17.5 0.0 0 1 5 2 2
4438.9 9662.6 -44.4 51 0 13.4 72.7 17.5 3.5 2 1 5 1 1
4416.2 9642.2 -44.3 51 0 16.0 73.9 17.5 0.0 0 1 5 1 1
4377.4 9612.3 -44.2 62 0 14.2 73.9 17.5 3.5 2 1 5 3 3
4339.7 9595.4 -44.1 68 0 13.8 74.1 17.5 3.5 2 1 5 5 5
4299.9 9582.9 -44.0 76 0 13.8 73.1 17.5 3.5 2 1 5 4 4
4269.4 9573.8 -43.7 76 0 15.1 73.0 17.5 0.0 0 1 5 5 5
4224.3 9691.8 -44.0 161 0 54.3 15.1 17.5 3.5 2 0 5 5 5
4386.8 9791.1 -44.6 315 0 55.2 14.9 17.5 3.5 2 0 5 4 4
4334.2 9851.1 -44.6 327 0 53.1 13.8 17.5 0.0 0 0 5 2 2
4276.9 9943.8 -44.7 245 0 13.4 52.8 17.5 3.5 2 1 5 5 5
4202.6 9752.3 -44.1 157 0 54.6 15.8 17.5 3.5 2 0 5 2 2
4172.2 9849.3 -44.3 247 0 13.5 53.7 17.5 3.5 2 1 5 2 2
4197.4 9873.6 -44.4 246 0 14.1 54.1 17.5 0.0 0 1 5 1 1
4224.8 9896.8 -44.5 247 0 12.9 51.9 17.5 3.5 2 1 5 0 0
4251.0 9918.8 -44.6 247 0 13.6 52.0 17.5 3.5 4 1 5 0 0
4279.6 9803.6 -44.4 332 0 53.2 14.5 17.5 3.5 2 0 5 3 3
4308.8 9822.0 -44.5 332 0 53.4 13.8 17.5 3.5 2 0 5 4 4
4239.7 9775.5 -44.2 156 0 56.9 14.6 17.5 3.5 2 0 5 4 4
4257.3 9703.5 -44.1 159 0 54.0 15.2 17.5 3.5 2 0 5 3 3
4287.7 9716.5 -44.2 160 0 54.2 14.4 17.5 3.5 2 0 5 1 1
4335.4 9745.0 -44.4 324 0 54.6 13.4 17.5 3.5 2 0 5 0 0
4360.5 9763.8 -44.4 323 0 52.6 13.8 17.5 3.5 2 0 5 2 2
4310.7 10160.4 -45.3 182 0 121.7 25.5 17.5 0.0 0 0 5 0 0
4376.1 10267.7 -45.6 272 0 24.7 99.3 17.5 0.0 0 1 5 3 3
4929.5 9577.3 -45.2 226 0 11.8 75.8 17.5 3.5 2 1 5 0 0
4960.2 9580.8 -45.3 145 0 12.6 49.4 17.5 3.5 2 1 5 2 2
5043.0 9643.9 -45.6 236 0 82.1 12.0 17.5 3.5 4 0 5 5 5
5138.5 9707.6 -46.0 238 0 81.6 12.5 17.5 3.5 2 0 5 5 5
5204.7 9753.6 -46.2 236 0 54.1 12.8 17.5 3.5 2 0 5 4 4
5284.8 9730.4 -46.2 55 0 13.2 76.5 17.5 3.5 2 1 5 3 3
5254.3 9731.4 -46.2 325 0 11.9 53.7 17.5 3.5 2 1 5 1 1
5283.5 9708.5 -46.2 319 0 13.3 82.0 17.5 3.5 2 1 5 0 0
5210.3 9617.9 -45.9 30 0 55.5 12.5 17.5 3.5 4 0 5 0 0
5225.5 9810.8 -46.3 236 0 33.5 10.8 17.5 3.5 2 0 5 1 1
5178.9 9780.9 -46.2 236 0 70.9 11.0 17.5 3.5 2 0 5 1 1
5108.5 9733.5 -45.9 236 0 71.5 11.4 17.5 3.5 4 0 5 5 5
5021.2 9674.9 -45.6 236 0 72.5 10.7 17.5 3.5 2 0 5 2 2
4965.9 9637.7 -45.4 236 0 36.6 11.3 17.5 3.5 2 0 5 0 0
4912.9 9596.5 -45.3 147 0 10.6 37.1 17.5 3.5 2 1 5 3 3
5050.2 9501.8 -45.4 146 0 12.7 54.6 17.5 3.5 2 1 5 0 0
5661.4 9873.5 -47.2 47 0 11.9 160.7 17.5 0.0 0 1 5 2 2
5673.8 9914.1 -47.0 47 0 9.2 41.5 10.5 3.5 2 1 3 3 3
5636.8 9952.5 -47.1 47 0 40.7 9.8 10.5 3.5 2 0 3 3 3
5586.4 10010.7 -47.2 229 0 10.3 55.2 17.5 0.0 0 1 5 3 3
5611.4 10033.1 -47.2 229 0 9.8 55.4 10.5 3.5 2 1 3 5 5
5637.0 10058.4 -47.1 227 0 10.7 54.0 17.5 3.5 2 1 5 2 2
5660.1 10081.0 -47.1 226 0 11.8 57.1 17.5 3.5 2 1 5 0 0
5725.6 10039.1 -47.1 318 0 11.8 60.8 17.5 3.5 2 1 5 5 5
5752.0 9984.0 -46.9 48 0 11.7 40.4 17.5 3.5 2 1 5 4 4
5634.4 10084.2 -47.2 232 0 71.3 9.6 10.5 3.5 4 0 3 3 3
5708.7 10090.4 -47.0 317 0 41.2 10.2 17.5 3.5 2 0 5 1 1
5678.3 10112.2 -47.0 273 0 14.1 15.1 17.5 3.5 2 1 5 2 2
5518.9 8511.4 -38.5 36 0 68.0 19.5 14.0 3.5 2 0 4 3 3
5370.8 8545.3 -38.7 305 0 24.5 77.8 17.5 0.0 0 1 5 2 2
5543.0 8545.0 -38.0 35 0 14.7 39.6 14.0 3.5 2 0 4 1 1
5367.8 8564.2 -38.9 125 0 13.7 72.6 7.5 2.5 2 1 3 3 3
5811.5 9057.2 -41.9 48 0 462.4 52.0 17.5 0.0 0 0 5 0 0
5556.7 8652.9 -37.9 213 0 134.6 43.8 17.5 0.0 0 0 5 2 2
5560.0 8731.4 -38.1 304 0 46.0 132.5 14.0 0.0 0 1 4 3 3
5493.1 8698.8 -38.4 34 0 130.4 22.7 17.5 0.0 0 0 5 3 3
5620.5 8711.2 -37.3 123 0 44.0 159.2 17.5 0.0 0 1 5 2 2
5582.5 8847.4 -39.5 227 0 130.6 89.4 17.5 0.0 0 0 5 1 1
5601.1 8625.7 -37.8 303 0 10.4 66.7 17.5 3.5 2 1 5 2 2
5602.8 8628.5 -37.3 123 0 11.0 62.1 17.5 3.5 4 1 5 4 4
5646.4 8695.1 -36.8 123 0 10.7 61.6 14.0 3.5 2 1 4 0 0
5689.1 8770.5 -36.4 213 0 44.1 10.9 14.0 0.0 0 0 4 1 1
5717.2 8814.1 -36.4 213 0 53.9 10.7 17.5 3.5 2 0 5 5 5
5634.1 8692.4 -37.2 34 0 10.8 43.4 17.5 3.5 4 1 5 5 5
5545.5 8751.1 -37.8 214 0 9.4 45.8 10.5 3.5 2 1 3 0 0
5512.3 8772.8 -38.1 213 0 8.6 24.3 10.5 3.5 2 1 3 0 0
5584.9 8712.3 -38.0 303 0 9.8 126.2 10.5 3.5 2 1 3 5 5
5499.7 8695.3 -38.3 304 0 8.4 63.9 10.5 3.5 2 1 3 2 2
5503.1 8700.5 -37.9 123 0 7.9 49.8 10.5 3.5 4 1 3 4 4
5535.0 8758.1 -38.1 214 0 8.3 9.1 10.5 3.5 2 1 3 3 3
5605.4 8751.0 -37.4 214 0 49.4 9.2 10.5 3.5 2 0 3 4 4
5634.2 8795.0 -37.2 213 0 48.5 8.6 10.5 0.0 0 0 3 1 1
5653.0 8815.8 -38.2 123 0 8.8 52.3 10.5 3.5 2 1 3 4 4
5757.8 8554.0 -37.1 309 0 16.3 18.8 14.0 3.5 2 1 4 0 0
5727.7 8579.7 -37.1 311 0 53.5 18.3 14.0 3.5 2 0 4 3 3
5689.7 8632.0 -37.1 331 0 55.5 17.4 14.0 3.5 2 0 4 4 4
5764.0 8559.1 -36.9 128 0 13.1 83.5 17.5 3.5 2 1 5 3 3
5839.5 8644.8 -36.3 39 0 50.5 14.5 17.5 3.5 2 0 5 4 4
5873.5 8688.6 -36.0 39 0 53.5 12.9 17.5 3.5 2 0 5 5 5
5731.1 8652.8 -36.6 128 0 23.8 25.0 17.5 3.5 4 1 5 3 3
5714.3 8670.3 -36.6 127 0 19.2 18.5 17.5 0.0 0 0 5 4 4
5790.1 8636.4 -36.5 43 0 16.5 37.7 17.5 3.5 2 1 5 1 1
5756.0 8728.5 -36.5 306 0 9.7 43.0 10.5 0.0 0 1 3 3 3
5769.4 8718.5 -36.4 305 0 10.0 42.9 10.5 3.5 4 1 3 2 2
5787.5 8709.2 -36.4 308 0 10.7 44.0 17.5 0.0 0 1 5 0 0
5838.7 8691.2 -36.0 34 0 15.1 49.7 17.5 3.5 2 1 5 3 3
5783.0 8734.5 -36.1 304 0 32.0 14.6 17.5 3.5 2 0 5 5 5
5724.4 8747.3 -36.3 213 0 28.2 9.6 10.5 3.5 2 0 3 0 0
5750.4 8747.7 -36.3 303 0 9.7 28.8 10.5 3.5 2 1 3 4 4
5855.7 8731.9 -35.8 316 0 36.1 15.6 17.5 3.5 2 0 5 4 4
5802.3 8672.5 -36.4 35 0 43.6 14.4 17.5 3.5 2 0 5 4 4
5819.5 8659.7 -36.3 38 0 27.9 9.8 10.5 3.5 2 0 3 4 4
5500.8 8329.9 -39.3 39 0 48.5 10.0 10.5 0.0 0 0 3 5 5
5764.3 8799.7 -36.1 303 0 11.8 48.1 17.5 3.5 2 1 5 4 4
5592.6 8329.0 -39.3 38 0 164.7 11.0 14.0 0.0 0 0 4 1 1
5636.1 8418.7 -38.2 38 0 18.6 38.2 14.0 3.5 2 1 4 0 0
5630.9 8492.7 -37.8 307 0 30.7 9.6 10.5 3.5 2 0 3 3 3
5473.8 8379.0 -39.0 307 0 11.6 46.7 14.0 3.5 2 1 4 1 1
5508.2 8427.2 -39.0 308 0 11.4 54.3 14.0 3.5 2 1 4 1 1
5521.8 8457.1 -38.6 217 0 52.9 11.2 14.0 3.5 2 0 4 1 1
5489.7 8361.4 -39.2 308 0 12.6 40.6 14.0 0.0 0 1 4 1 1
5529.1 8413.6 -39.1 308 0 11.3 59.4 14.0 3.5 2 1 4 1 1
5540.7 8441.7 -38.6 217 0 51.5 11.8 14.0 3.5 2 0 4 0 0
5528.0 8379.2 -39.0 218 0 56.3 10.8 14.0 0.0 0 0 4 3 3
5561.1 8424.9 -38.6 217 0 47.1 11.7 14.0 3.5 4 0 4 0 0
5522.3 8312.9 -39.3 39 0 49.0 14.0 14.0 3.5 4 0 4 5 5
5553.8 8355.4 -38.9 39 0 46.5 13.7 14.0 3.5 2 0 4 3 3
5589.4 8400.6 -38.6 38 0 55.0 13.3 14.0 3.5 2 0 4 1 1
5544.9 8294.4 -39.3 39 0 50.2 13.8 14.0 3.5 2 0 4 5 5
5578.1 8337.6 -38.9 39 0 48.1 13.8 14.0 3.5 2 0 4 1 1
5611.3 8383.7 -38.6 38 0 55.7 14.0 14.0 3.5 2 0 4 4 4
5577.8 8516.6 -38.2 306 0 13.8 39.3 14.0 0.0 0 1 4 2 2
5576.7 8468.5 -38.2 218 0 10.5 27.1 14.0 3.5 4 1 4 2 2
5633.3 8474.3 -38.1 307 0 7.2 28.1 10.5 3.5 2 1 3 5 5
5497.3 8280.0 -39.3 44 0 14.3 19.1 14.0 3.5 2 1 4 0 0
5436.5 8225.9 -38.7 134 0 17.9 40.1 14.0 3.5 2 1 4 0 0
5409.1 8255.6 -38.6 135 0 19.2 39.8 14.0 3.5 2 1 4 3 3
5492.2 8248.0 -39.2 44 0 19.6 33.1 14.0 0.0 0 1 4 4 4
5370.6 8277.9 -38.3 136 0 16.4 27.3 14.0 3.5 2 0 4 3 3
5327.1 8290.7 -38.8 134 0 58.2 22.9 14.0 3.5 2 0 4 4 4
5257.6 8373.5 -38.8 224 0 22.5 57.6 14.0 3.5 2 1 4 2 2
5369.6 8441.8 -38.1 305 0 15.1 43.4 14.0 3.5 4 1 4 2 2
5303.3 8449.4 -38.0 211 0 16.2 40.7 14.0 3.5 4 1 4 4 4
5336.2 8463.4 -38.0 304 0 39.7 15.2 14.0 3.5 4 0 4 3 3
5291.5 8465.8 -37.7 214 0 38.7 12.4 14.0 3.5 2 0 4 0 0
5268.0 8416.3 -38.4 213 0 39.6 13.1 14.0 3.5 2 0 4 5 5
5603.3 8500.4 -38.1 307 0 13.7 30.6 14.0 3.5 2 0 4 4 4
5587.2 8524.6 -37.9 306 0 37.8 11.0 14.0 3.5 2 0 4 4 4
4559.1 9176.1 -39.9 143 0 48.8 18.7 17.5 3.5 2 0 5 4 4
4554.3 9324.5 -41.4 247 0 18.2 71.5 17.5 3.5 2 1 5 3 3
4595.5 9351.0 -41.9 247 0 17.9 73.0 17.5 0.0 0 1 5 0 0
4640.1 9373.4 -42.4 247 0 20.5 48.4 17.5 3.5 2 1 5 3 3
4704.4 9404.6 -43.0 315 0 48.1 21.2 17.5 3.5 2 0 5 1 1
4614.2 9401.9 -42.8 236 0 53.3 14.9 17.5 3.5 2 0 5 1 1
4551.9 9360.1 -42.1 236 0 73.7 14.3 17.5 3.5 2 0 5 4 4
4503.6 9273.3 -40.6 235 0 17.1 66.6 17.5 3.5 2 1 5 4 4
4690.6 9177.2 -40.5 32 0 19.5 96.0 17.5 0.0 0 1 5 4 4
4721.5 9220.1 -41.2 34 0 18.2 94.5 17.5 0.0 0 1 5 0 0
4726.0 9277.6 -41.8 33 0 19.8 59.4 17.5 3.5 4 1 5 0 0
4791.5 9305.9 -42.1 314 0 19.5 56.9 17.5 3.5 2 1 5 4 4
4754.8 9352.3 -42.6 316 0 48.1 21.5 17.5 3.5 2 0 5 0 0
5577.4 11220.7 -50.0 150 0 103.2 13.1 17.5 3.5 2 0 5 2 2
5624.2 11194.2 -49.8 60 0 12.9 98.9 17.5 3.5 4 1 5 4 4
5649.4 11210.9 -49.4 60 0 14.4 136.0 17.5 0.0 0 1 5 2 2
5665.6 11220.5 -49.1 61 0 13.3 117.9 17.5 3.5 2 1 5 3 3
5532.3 11303.5 -50.2 150 0 66.2 13.8 17.5 3.5 4 0 5 2 2
5550.2 11312.1 -50.0 151 0 61.7 13.1 17.5 0.0 0 0 5 3 3
5561.6 11221.5 -50.0 330 0 90.7 13.1 17.5 3.5 2 0 5 5 5
5402.2 11268.1 -49.6 163 0 56.3 15.0 17.5 3.5 2 0 5 3 3
5586.1 11128.2 -49.3 228 0 155.0 11.7 17.5 0.0 0 0 5 4 4
5591.8 11171.7 -49.7 318 0 11.0 34.3 17.5 3.5 2 1 5 4 4
5761.5 11057.0 -49.4 122 0 17.9 102.7 17.5 0.0 0 1 5 3 3
5707.9 11251.8 -49.4 53 0 55.2 12.7 17.5 3.5 2 0 5 0 0
5748.7 11280.3 -50.3 54 0 34.1 14.5 17.5 3.5 2 0 5 1 1
5134.1 11174.8 -48.8 84 0 12.7 34.0 14.0 3.5 2 1 4 2 2
5167.4 11167.1 -48.8 335 0 12.8 52.3 14.0 3.5 2 1 4 3 3
5174.5 11170.0 -50.0 157 0 13.7 48.4 14.0 3.5 2 1 4 1 1
5348.4 11244.6 -50.4 336 0 13.3 137.5 14.0 0.0 0 1 4 4 4
5099.5 11358.1 -51.0 252 0 15.6 178.2 14.0 0.0 0 1 4 4 4
5221.9 11212.3 -51.3 72 0 12.2 83.2 14.0 3.5 2 1 4 5 5
5126.5 11367.1 -51.7 252 0 12.5 83.3 14.0 3.5 2 1 4 5 5
5144.1 11369.0 -51.7 253 0 12.2 80.1 14.0 3.5 2 1 4 3 3
5171.5 11377.2 -51.5 253 0 13.1 80.4 14.0 3.5 2 1 4 0 0
5245.9 11296.8 -50.9 252 0 11.0 25.8 14.0 0.0 0 1 4 3 3
5428.6 11456.6 -50.6 252 0 12.0 71.1 17.5 3.5 4 1 5 2 2
5368.8 11361.4 -50.1 163 0 109.1 15.3 17.5 0.0 0 0 5 5 5
5537.3 11472.8 -49.6 253 0 35.3 14.5 17.5 3.5 2 0 5 1 1
5526.2 11374.8 -50.0 73 0 12.7 69.2 17.5 3.5 2 1 5 0 0
5532.1 11447.4 -49.8 253 0 13.2 84.3 17.5 3.5 2 1 5 5 5
5554.5 11454.5 -49.5 253 0 12.8 94.0 17.5 3.5 2 1 5 3 3
5594.7 11419.4 -49.3 253 0 12.9 68.8 17.5 3.5 2 1 5 2 2
5581.0 11464.3 -49.4 254 0 12.1 44.1 17.5 3.5 2 1 5 2 2
5586.1 11485.1 -49.8 253 0 35.7 13.2 17.5 3.5 4 0 5 0 0
5654.1 11506.8 -51.7 252 0 77.5 15.0 17.5 3.5 2 0 5 2 2
5752.1 11528.0 -53.3 342 0 13.3 37.0 17.5 3.5 4 1 5 2 2
5808.6 11322.9 -52.2 57 0 37.6 14.4 17.5 3.5 2 0 5 2 2
6001.9 11237.6 -52.3 12 0 12.7 140.0 17.5 0.0 0 1 5 2 2
6079.6 11049.3 -51.3 30 0 26.0 43.2 10.0 0.0 0 1 4 3 3
6094.8 11089.9 -51.2 30 0 22.1 24.7 7.5 2.5 2 1 3 5 5
6033.3 11112.3 -51.6 258 0 62.9 14.1 5.0 2.5 4 0 2 5 5
5809.5 11051.0 -48.7 33 0 46.4 14.8 17.5 3.5 4 0 5 0 0
5849.4 11128.0 -50.1 302 0 14.4 48.3 17.5 3.5 2 1 5 1 1
5710.3 11107.1 -49.2 317 0 82.0 12.9 17.5 0.0 0 0 5 1 1
5714.4 11123.8 -48.9 138 0 86.7 13.6 17.5 3.5 2 0 5 2 2
5724.4 11138.3 -48.8 137 0 79.2 14.0 17.5 3.5 2 0 5 5 5
5661.4 11181.8 -49.1 138 0 12.7 30.2 17.5 3.5 2 1 5 3 3
5674.2 11168.2 -49.0 137 0 19.8 29.4 17.5 0.0 0 1 5 2 2
5706.0 11224.6 -49.0 228 0 30.8 11.5 17.5 3.5 2 0 5 2 2
5716.0 11213.1 -49.0 226 0 32.0 16.0 17.5 3.5 2 0 5 5 5
5724.5 11190.5 -48.9 227 0 13.4 70.6 17.5 3.5 2 1 5 3 3
5738.6 11203.4 -49.2 228 0 13.2 58.3 17.5 3.5 2 1 5 4 4
5756.4 11230.3 -49.8 227 0 12.5 51.7 17.5 3.5 4 1 5 5 5
5751.2 11257.7 -50.0 236 0 34.8 14.5 17.5 3.5 4 0 5 0 0
5606.3 11469.1 -49.7 254 0 13.7 124.0 17.5 0.0 0 1 5 1 1
5791.1 11331.3 -52.4 70 0 15.0 186.7 17.5 0.0 0 1 5 3 3
5801.1 11386.2 -52.5 340 0 78.3 12.6 17.5 3.5 2 0 5 1 1
5553.6 11043.3 -49.0 139 0 26.4 9.9 10.5 3.5 2 0 3 3 3
5596.1 11004.5 -49.0 48 0 9.3 43.0 10.5 3.5 2 1 3 5 5
5588.8 11111.2 -49.6 227 0 68.1 8.5 10.5 3.5 2 0 3 3 3
4051.3 6875.3 -26.9 0 0 55.5 16.4 14.0 3.5 2 0 4 4 4
3683.9 7171.5 -26.0 294 0 24.2 42.7 17.5 0.0 0 1 5 2 2
5463.5 10231.9 -47.6 327 0 61.4 15.5 17.5 3.5 2 0 5 0 0
5423.4 10292.2 -47.8 325 0 65.7 16.3 17.5 3.5 2 0 5 4 4
5357.8 10318.0 -47.8 236 0 78.7 16.3 17.5 3.5 4 0 5 1 1
4838.7 9757.6 -45.5 235 0 65.6 48.7 14.0 0.0 0 0 4 0 0
4434.7 10279.8 -45.7 271 0 50.9 65.7 14.0 0.0 0 1 4 2 2
6744.2 11440.9 -52.7 144 0 11.3 75.6 7.5 2.5 2 1 3 5 5
6922.6 11316.8 -53.0 30 0 40.5 53.2 7.5 0.0 0 1 3 4 4
6780.4 11420.6 -52.8 139 0 11.6 63.6 10.0 2.5 2 0 4 3 3
5849.1 7445.5 -39.7 314 0 15.3 76.4 17.5 3.5 2 1 5 1 1
5407.4 7588.3 -38.1 40 0 40.2 27.8 14.0 0.0 0 0 4 4 4
5518.0 7688.2 -39.1 310 0 90.1 25.3 17.5 0.0 0 0 5 4 4
5407.9 7775.8 -38.2 308 0 44.5 22.8 17.5 0.0 0 0 5 0 0
5645.0 7601.3 -40.0 221 0 43.8 20.4 17.5 3.5 2 0 5 1 1
5796.6 7550.5 -40.9 357 0 57.4 25.9 14.0 3.5 2 0 4 1 1
5892.1 7481.7 -40.5 269 0 17.1 59.3 14.0 3.5 2 1 4 1 1
5923.6 7483.0 -40.7 271 0 17.5 86.0 14.0 3.5 2 1 4 0 0
5920.8 7376.9 -39.2 305 0 11.5 72.6 17.5 3.5 2 1 5 1 1
5892.8 7394.6 -39.2 310 0 16.2 68.7 17.5 3.5 2 1 5 0 0
5824.0 7472.0 -39.9 310 0 16.9 77.9 17.5 3.5 2 1 5 3 3
5067.7 7623.0 -35.8 214 0 16.2 39.7 17.5 3.5 2 1 5 0 0
5351.0 7815.9 -37.8 303 0 55.8 19.7 17.5 3.5 2 0 5 2 2
-6236.2 -6921.5 33.4 133 0 19.8 15.1 14.0 3.5 2 0 4 5 5
-5587.6 -6238.8 31.0 212 0 13.8 13.3 14.0 0.0 0 0 4 1 1
5702.8 7581.2 -40.3 310 0 20.3 49.9 17.5 3.5 2 0 5 2 2
5476.5 7506.0 -38.9 220 0 100.2 13.7 17.5 0.0 0 0 5 2 2
5407.9 7576.5 -38.5 219 0 24.2 57.2 14.0 3.5 2 1 4 3 3
5465.2 7597.1 -38.8 223 0 59.6 24.8 14.0 3.5 2 0 4 4 4
5423.8 7657.2 -38.6 220 0 23.9 58.8 17.5 3.5 2 1 5 3 3
5978.1 7443.3 -40.8 129 0 12.4 51.8 17.5 3.5 2 1 5 5 5
2823.2 1838.7 -11.5 30 0 61.3 56.3 17.5 0.0 0 0 5 0 0
5074.4 7581.2 -35.9 122 0 74.0 9.5 10.5 3.5 2 0 3 5 5
5734.3 7688.0 -40.8 106 0 16.8 8.9 10.5 3.5 2 0 3 0 0
5706.3 7716.0 -40.4 221 0 44.9 9.7 10.5 3.5 2 0 3 1 1
349.4 1809.0 -5.3 48 0 124.2 11.9 12.5 2.5 2 0 5 2 2
272.1 1781.4 -3.9 137 0 11.6 54.0 7.5 2.5 2 1 3 3 3
352.0 1847.0 -4.7 47 0 72.8 11.4 12.5 2.5 2 0 5 4 4
252.0 1800.8 -3.9 137 0 11.7 56.4 10.0 2.5 2 1 4 3 3
222.4 1810.3 -4.0 137 0 11.1 71.7 10.0 2.5 2 1 4 1 1
357.3 1897.9 -4.0 316 0 10.7 29.4 10.0 2.5 2 1 4 3 3
338.3 1919.1 -3.7 317 0 9.8 81.5 7.5 2.5 4 1 3 4 4
123.5 1757.6 -3.9 203 0 20.2 74.7 17.5 3.5 2 1 5 4 4
173.1 1846.6 -3.9 293 0 13.7 86.3 17.5 3.5 2 1 5 2 2
189.0 1805.5 -4.0 291 0 12.7 54.8 17.5 3.5 2 1 5 2 2
30.6 1817.6 -3.6 112 0 10.6 49.2 14.0 3.5 2 1 4 1 1
7.9 1826.6 -3.2 112 0 12.1 47.0 14.0 3.5 2 0 4 2 2
-16.3 1838.8 -2.9 112 0 11.4 47.0 14.0 3.5 2 0 4 5 5
13.7 1925.5 -3.5 203 0 89.0 11.2 14.0 3.5 2 0 4 5 5
47.0 1906.8 -3.6 22 0 84.1 12.1 14.0 3.5 2 0 4 0 0
81.3 1978.9 -3.7 7 0 54.5 10.7 14.0 3.5 2 0 4 2 2
63.8 2042.5 -3.7 203 0 49.3 11.1 14.0 3.5 2 0 4 0 0
96.8 2104.3 -3.7 294 0 10.9 42.3 14.0 3.5 2 1 4 3 3
-10.4 2281.9 -3.3 314 0 36.2 16.4 14.0 3.5 2 0 4 0 0
15.5 2064.9 -3.5 22 0 55.8 11.5 14.0 3.5 2 0 4 1 1
4427.7 10648.9 -47.1 158 0 112.8 36.0 14.0 0.0 0 0 4 4 4
4379.2 10745.5 -47.0 158 0 78.1 34.8 14.0 0.0 0 0 4 1 1
4477.0 10771.2 -47.4 68 0 82.2 53.1 17.5 0.0 0 0 5 1 1
4495.7 10725.9 -47.3 68 0 82.0 37.9 17.5 0.0 0 0 5 5 5
4598.2 10744.7 -47.6 338 0 65.6 39.2 17.5 0.0 0 0 5 1 1
4263.7 6410.0 -28.7 307 0 38.8 53.5 10.0 0.0 0 1 4 5 5
3239.6 5334.0 -22.6 62 0 28.2 22.4 17.5 0.0 0 0 5 1 1
3299.0 5462.0 -22.9 318 0 82.0 30.7 17.5 0.0 0 0 5 2 2
2780.3 5252.2 -22.6 155 0 152.3 52.2 10.0 0.0 0 0 4 5 5
1918.6 4707.8 -17.7 346 0 40.9 53.9 10.0 0.0 0 1 4 3 3
159.5 2989.4 -6.1 199 0 140.7 30.3 17.5 0.0 0 0 5 4 4
-1525.1 310.5 5.9 47 0 56.5 31.4 10.0 0.0 0 0 4 0 0
5950.1 5445.7 -32.3 248 0 74.7 52.1 17.5 0.0 0 0 5 5 5
5975.9 5341.9 -31.6 336 0 66.4 17.1 14.0 3.5 4 0 4 0 0
5924.5 5319.2 -31.4 157 0 64.3 16.7 14.0 3.5 4 0 4 3 3
5874.6 5335.3 -31.4 248 0 49.7 20.0 14.0 3.5 2 0 4 1 1
6340.3 5654.8 -33.0 356 0 33.0 13.6 14.0 3.5 2 0 4 5 5
6063.8 5397.3 -32.1 337 0 48.0 16.1 17.5 3.5 2 0 5 1 1
5994.0 5389.1 -31.8 247 0 50.7 19.6 17.5 3.5 2 0 5 4 4
5773.8 5890.7 -33.0 219 0 132.7 74.6 17.5 0.0 0 0 5 0 0
5647.2 5527.8 -31.7 130 0 36.9 83.4 14.0 0.0 0 1 4 1 1
5592.2 5557.1 -31.6 310 0 157.9 26.3 17.5 0.0 0 0 5 2 2
5476.4 5621.4 -30.5 130 0 57.3 118.9 14.0 0.0 0 1 4 4 4
5406.0 5344.0 -29.7 222 0 119.7 45.0 14.0 0.0 0 0 4 2 2
5500.5 5458.7 -30.3 221 0 119.9 49.6 14.0 0.0 0 0 4 5 5
5268.3 5472.2 -29.8 221 0 98.9 173.9 17.5 0.0 0 1 5 5 5
6338.0 5620.6 -32.6 140 0 14.4 14.8 14.0 3.5 2 1 4 5 5
6219.7 6136.1 -35.0 109 0 28.8 22.8 10.0 0.0 0 0 4 2 2
6661.4 6810.3 -37.8 221 0 150.1 87.5 10.0 0.0 0 0 4 3 3
1562.8 2278.7 -9.7 33 0 132.4 36.8 14.0 0.0 0 0 4 3 3
5782.7 5973.1 -32.0 309 0 49.5 180.5 17.5 0.0 0 1 5 2 2
5573.7 1927.9 -20.8 231 0 46.1 24.0 7.5 0.0 0 0 3 3 3
4476.6 9806.0 -44.8 143 0 29.3 28.4 17.5 0.0 0 0 5 2 2
4532.9 9853.5 -45.0 237 0 24.1 27.8 17.5 0.0 0 1 5 1 1
4581.3 9885.3 -45.2 235 0 23.0 27.1 17.5 0.0 0 1 5 3 3
4622.4 9931.8 -45.4 239 0 23.9 28.0 17.5 0.0 0 1 5 2 2
6012.8 4914.5 -29.5 292 0 21.1 25.1 14.0 0.0 0 1 4 5 5
3753.5 2330.9 -16.5 213 0 202.1 138.8 17.5 0.0 0 0 5 4 4
3890.0 2539.8 -17.7 214 0 173.6 138.4 17.5 0.0 0 0 5 4 4
3848.9 2508.6 -17.0 35 0 78.0 67.9 14.0 0.0 0 0 4 3 3
3778.4 2552.6 -17.0 37 0 63.6 24.1 17.5 3.5 2 0 5 4 4
3872.5 2573.4 -17.4 125 0 18.6 32.7 14.0 0.0 0 1 4 0 0
3847.5 2664.1 -17.7 214 0 23.2 79.7 14.0 0.0 0 1 4 0 0
5719.4 4224.5 -25.6 222 0 81.7 27.2 14.0 0.0 0 0 4 4 4
5683.7 4293.3 -26.0 312 0 65.2 17.7 17.5 3.5 2 0 5 5 5
5683.4 4245.6 -25.4 42 0 17.7 65.1 17.5 3.5 2 1 5 2 2
5660.9 4221.9 -25.0 42 0 17.7 65.1 17.5 3.5 2 1 5 4 4
5642.8 4203.7 -25.1 42 0 17.7 65.1 17.5 3.5 2 1 5 5 5
5622.3 4181.1 -25.7 42 0 17.7 65.1 17.5 3.5 4 1 5 4 4
5605.2 4161.4 -25.6 42 0 17.7 65.1 17.5 3.5 2 1 5 4 4
5584.0 4137.8 -25.4 42 0 17.7 65.1 17.5 3.5 4 1 5 2 2
5537.1 4133.6 -25.4 132 0 65.1 17.7 17.5 3.5 2 0 5 2 2
5618.2 4349.2 -26.8 312 0 65.2 17.7 17.5 3.5 2 0 5 5 5
5570.3 4345.0 -26.3 222 0 17.7 65.1 17.5 3.5 2 1 5 0 0
5550.1 4322.7 -25.6 222 0 17.7 65.1 17.5 3.5 2 1 5 3 3
5532.2 4303.2 -25.0 222 0 17.7 65.1 17.5 3.5 2 1 5 0 0
5511.0 4280.6 -24.7 222 0 17.7 65.1 17.5 3.5 2 1 5 2 2
5494.4 4260.6 -24.9 222 0 17.7 65.1 17.5 3.5 2 1 5 2 2
5473.2 4237.8 -25.4 222 0 17.7 65.1 17.5 3.5 2 1 5 5 5
5473.7 4190.3 -25.4 132 0 65.1 17.7 17.5 3.5 4 0 5 2 2
5389.6 4542.4 -27.6 133 0 68.9 6.7 10.5 3.5 2 0 3 2 2
5279.3 4419.7 -26.2 312 0 68.4 5.6 10.5 3.5 2 0 3 2 2
5372.9 4124.6 -25.1 223 0 145.0 85.1 14.0 0.0 0 0 4 5 5
5503.7 4005.6 -25.0 224 0 58.5 20.2 17.5 3.5 2 0 5 5 5
5247.2 3913.9 -24.4 131 0 36.5 109.5 17.5 0.0 0 1 5 5 5
5204.2 3887.9 -24.1 223 0 31.5 27.6 10.0 0.0 0 0 4 2 2
5135.7 3787.4 -23.9 134 0 23.1 74.1 14.0 0.0 0 1 4 1 1
4708.8 3764.3 -22.8 217 0 53.0 75.3 14.0 0.0 0 1 4 1 1
4167.1 6992.4 -27.4 6 0 101.7 26.3 17.5 0.0 0 0 5 4 4
3434.2 8097.9 -34.4 276 0 41.0 63.0 14.0 0.0 0 1 4 1 1
2416.2 2544.6 -12.3 124 0 59.8 182.9 7.5 0.0 0 1 3 0 0
2273.0 2749.8 -12.6 213 0 182.8 59.7 10.0 0.0 0 0 4 4 4
5662.3 6075.1 -31.0 312 0 47.9 260.8 17.5 0.0 0 1 5 3 3
5731.5 6066.3 -31.6 131 0 113.0 72.0 15.0 0.0 0 0 6 5 5
5869.0 6236.9 -31.9 311 0 130.9 72.9 7.5 0.0 0 0 3 2 2
3538.8 3165.9 -17.3 42 0 156.0 60.2 7.5 0.0 0 0 3 5 5
3661.3 3298.5 -18.1 43 0 167.8 60.8 15.0 0.0 0 0 6 1 1
3403.6 3186.1 -17.2 132 0 60.2 156.0 10.0 0.0 0 1 4 5 5
3338.9 3242.7 -17.0 132 0 60.2 156.0 5.0 0.0 0 1 2 0 0
3306.8 3377.5 -17.0 222 0 156.0 60.2 10.0 0.0 0 0 4 5 5
3631.2 3442.1 -18.1 313 0 60.8 167.8 7.5 0.0 0 1 3 3 3
3570.6 3496.9 -17.9 313 0 60.8 167.8 10.0 0.0 0 1 4 2 2
3507.9 3552.8 -17.8 313 0 60.8 167.8 10.0 0.0 0 1 4 2 2
3900.0 3661.9 -19.6 43 0 81.5 155.2 7.5 0.0 0 1 3 3 3
3971.2 3741.8 -20.1 43 0 81.5 155.2 7.5 0.0 0 1 3 3 3
3837.2 3905.7 -20.2 222 0 158.5 34.7 10.0 0.0 0 0 4 3 3
4117.5 3898.2 -20.9 42 0 66.7 154.1 10.0 0.0 0 1 4 5 5
4811.5 4724.3 -27.5 41 0 196.6 107.2 14.0 0.0 0 0 4 0 0
4636.6 4877.8 -27.3 221 0 197.1 108.0 14.0 0.0 0 0 4 4 4
3990.2 4259.4 -21.9 42 0 98.5 63.1 14.0 0.0 0 0 4 5 5
3924.2 4320.1 -21.9 42 0 98.5 63.1 14.0 0.0 0 0 4 4 4
4060.0 4381.0 -22.8 223 0 109.1 29.2 14.0 0.0 0 0 4 1 1
4040.8 4397.5 -23.0 43 0 108.5 37.1 14.0 0.0 0 0 4 2 2
3994.9 4438.2 -23.0 43 0 108.5 37.1 14.0 0.0 0 0 4 5 5
3912.3 4512.4 -22.9 223 0 108.5 37.1 14.0 0.0 0 0 4 5 5
3864.7 4556.0 -22.8 223 0 108.5 37.1 14.0 0.0 0 0 4 1 1
3872.2 4440.4 -22.0 313 0 37.1 108.5 14.0 0.0 0 1 4 5 5
3802.8 4429.3 -22.0 43 0 108.5 37.1 17.5 0.0 0 0 5 4 4
3778.1 4523.7 -21.9 313 0 37.1 108.5 14.0 0.0 0 1 4 5 5
3842.5 4572.8 -22.8 43 0 98.9 45.8 14.0 0.0 0 0 4 3 3
4384.9 4811.9 -25.0 37 0 138.5 141.3 14.0 0.0 0 1 4 5 5
4107.5 5021.7 -25.1 217 0 138.5 141.3 14.0 0.0 0 1 4 2 2
4484.0 4930.8 -26.4 37 0 125.7 49.6 14.0 0.0 0 0 4 4 4
4289.3 4584.7 -23.0 43 0 112.7 58.0 14.0 0.0 0 0 4 2 2
4061.8 4565.1 -23.0 224 0 95.1 61.7 17.5 0.0 0 0 5 1 1
4603.4 5263.0 -28.3 127 0 154.0 91.1 14.0 0.0 0 0 4 5 5
5624.6 3168.5 -24.0 238 0 79.9 41.6 10.0 0.0 0 0 4 4 4
5639.2 3225.4 -24.0 328 0 52.7 82.9 10.0 0.0 0 1 4 1 1
5701.4 3153.5 -24.2 148 0 59.0 71.9 10.0 0.0 0 1 4 2 2
3468.4 2579.1 -17.1 214 0 478.0 199.1 17.5 0.0 0 0 5 0 0
3210.0 3155.0 -15.9 312 0 118.0 255.5 10.0 0.0 0 1 4 3 3
3892.0 7286.1 -27.7 12 0 49.4 50.3 17.5 0.0 0 1 5 1 1
5353.4 5610.4 -30.2 40 0 90.5 101.0 7.5 0.0 0 1 3 5 5
5358.7 5725.2 -29.6 131 0 45.2 79.6 17.5 0.0 0 1 5 2 2
5576.0 5890.4 -29.5 221 0 45.7 48.7 14.0 0.0 0 1 4 5 5
6272.5 5355.5 -32.3 215 0 11.9 9.3 10.5 3.5 2 0 3 4 4
5931.5 4878.4 -30.1 38 0 11.1 39.2 14.0 3.5 2 0 4 1 1
6893.9 4666.0 -32.1 127 0 27.0 64.1 17.5 0.0 0 0 5 5 5
6926.4 4641.8 -31.3 127 0 54.3 15.4 17.5 3.5 2 0 5 2 2
4031.5 622.8 -12.4 123 0 71.9 522.9 17.5 0.0 0 1 5 5 5
3840.3 749.2 -11.1 124 0 344.4 71.2 17.5 0.0 0 0 5 0 0
4011.2 740.1 -12.6 123 0 48.5 360.2 17.5 0.0 0 1 5 1 1
3958.8 776.0 -12.4 123 0 48.5 360.2 17.5 0.0 0 1 5 2 2
3911.9 809.0 -12.1 123 0 48.5 360.2 17.5 0.0 0 1 5 1 1
3863.8 840.8 -12.0 123 0 48.5 360.2 17.5 0.0 0 1 5 5 5
5352.5 5571.5 -30.5 221 0 107.4 173.8 17.5 0.0 0 1 5 2 2
6376.2 4710.6 -28.0 38 0 41.4 23.7 17.5 0.0 0 0 5 3 3
5130.8 1541.8 -18.1 55 0 119.7 60.6 17.5 0.0 0 0 5 2 2
5017.0 1459.1 -17.4 55 0 121.5 61.1 14.0 0.0 0 0 4 2 2
5061.1 1398.3 -18.0 55 0 121.5 61.1 14.0 0.0 0 0 4 2 2
5174.1 1478.4 -18.1 55 0 121.5 61.1 17.5 0.0 0 0 5 4 4
5261.8 7630.1 -37.2 310 0 55.9 19.9 17.5 0.0 0 0 5 2 2
5188.3 7596.8 -36.7 130 0 42.3 19.4 17.5 3.5 2 0 5 3 3
5206.1 7646.3 -36.8 217 0 50.2 20.1 17.5 3.5 2 0 5 0 0
5904.7 5034.5 -29.4 210 0 10.0 17.3 17.5 0.0 0 0 5 3 3
3072.9 2722.3 -14.9 132 0 103.5 134.4 7.5 0.0 0 1 3 0 0
2941.3 2959.3 -14.7 223 0 78.1 190.9 7.5 0.0 0 1 3 5 5
5740.3 5106.3 -31.1 199 0 60.8 14.3 17.5 3.5 2 0 5 4 4
5792.5 5137.3 -31.6 292 0 71.6 12.5 17.5 0.0 0 0 5 4 4
5722.0 5270.7 -30.9 291 0 83.1 13.0 14.0 3.5 2 0 4 4 4
5640.9 8514.8 -37.7 123 0 149.1 21.6 14.0 0.0 0 0 4 0 0
5571.9 8561.3 -37.7 124 0 13.1 135.8 14.0 0.0 0 1 4 3 3
6473.5 5345.6 -32.5 262 0 6.6 26.4 10.5 3.5 2 0 3 1 1
6517.5 5272.0 -32.5 263 0 40.0 5.2 10.5 3.5 2 0 3 4 4
