-6679.3 -11747.1 -47.6 272 0 24.3 15.7 5.0 2.5 2 0 2 0 0
-6920.0 -11395.5 -44.5 178 0 19.3 26.6 10.0 2.5 2 1 4 4 4
-3266.4 3965.7 -141.9 4 0 19.2 11.2 7.5 2.5 2 0 3 2 2
-3240.2 3905.0 -144.2 355 0 25.6 6.8 5.0 0.0 0 0 2 3 3
-3218.0 3914.7 -146.3 358 0 32.0 14.4 12.5 2.5 2 0 5 0 0
-767.8 1968.9 -67.0 198 0 11.8 15.5 7.5 2.5 4 1 3 0 0
-1873.7 2561.8 -108.2 359 0 16.5 9.9 5.0 2.5 2 0 2 2 2
-1290.0 753.1 69.6 89 0 14.3 23.8 12.5 2.5 4 1 5 2 2
-1323.8 467.8 119.8 104 0 32.1 21.0 12.5 0.0 0 0 5 1 1
-1419.2 576.3 130.0 268 0 9.9 16.1 7.5 2.5 4 1 3 0 0
-418.2 509.9 142.9 241 0 17.2 12.8 7.5 2.5 4 0 3 1 1
-243.1 592.6 130.1 194 0 36.1 13.8 10.0 0.0 0 0 4 4 4
-699.8 303.5 128.5 325 0 20.1 10.3 7.5 2.5 2 0 3 0 0
-430.7 32.0 144.3 271 0 11.4 18.3 7.5 2.5 2 1 3 0 0
-357.8 110.3 142.6 0 0 9.5 10.3 7.5 2.5 2 1 3 5 5
