4533.2 -2292.3 -158.2 177 0 8.9 23.4 2.5 2.5 2 1 1 4 4
4579.9 -2282.8 -155.7 270 0 14.7 7.3 7.5 2.5 2 0 3 5 5
5147.4 -2364.7 -35.6 105 0 23.5 14.8 12.5 2.5 2 0 5 5 5
5394.0 -2572.7 -0.4 98 0 29.0 12.4 12.5 2.5 2 0 5 1 1
5392.4 -2537.0 -5.6 217 0 15.8 24.3 10.0 2.5 2 1 4 5 5
5424.4 -2575.6 3.7 184 0 13.9 19.3 10.0 2.5 2 1 4 2 2
5807.1 -2754.1 66.9 252 0 17.4 17.9 10.0 2.5 2 1 4 3 3
6456.0 -2603.5 107.9 86 0 9.4 38.0 7.5 2.5 2 0 3 5 5
6001.9 -1255.9 137.5 189 0 6.9 11.6 2.5 2.5 2 1 1 5 5
6034.3 -1259.5 139.7 290 0 21.6 6.3 5.0 2.5 2 0 2 2 2
5531.7 -972.9 153.7 147 0 4.7 13.7 7.5 2.5 2 0 3 3 3
5663.7 -1066.8 145.6 178 0 4.9 20.1 7.5 2.5 4 1 3 4 4
