-1344.4 10030.5 -15.1 118 0 123.2 17.0 14.0 0.0 0 0 4 1 1
-1308.7 10160.2 -15.9 297 0 94.4 56.2 14.0 0.0 0 0 4 4 4
-6868.9 4830.1 5.6 216 0 60.5 40.1 17.5 0.0 0 0 5 0 0
-6410.2 8351.4 -4.3 31 0 67.2 12.9 35.0 3.5 2 0 10 5 5
-5788.5 8445.7 -4.2 321 0 20.1 25.8 17.5 3.5 2 0 5 3 3
-5875.7 8393.4 -3.9 52 0 20.6 28.6 17.5 3.5 2 0 5 4 4
-5819.6 8281.5 -3.7 229 0 79.2 14.4 17.5 3.5 2 0 5 2 2
-5819.1 8337.9 -4.0 141 0 26.0 38.6 17.5 0.0 0 1 5 3 3
-2634.0 -947.1 15.1 114 0 27.8 37.5 17.5 0.0 0 1 5 0 0
-2634.2 -968.4 15.1 208 0 27.0 48.3 17.5 0.0 0 1 5 1 1
-2639.3 -950.5 15.2 298 0 9.2 32.0 10.5 3.5 2 1 3 1 1
-2560.4 -874.7 15.0 292 0 26.9 38.3 17.5 0.0 0 1 5 1 1
-2549.3 -1028.7 15.2 117 0 12.9 7.0 10.5 3.5 2 0 3 2 2
-6534.9 4168.1 8.9 142 0 40.1 108.7 14.0 0.0 0 1 4 3 3
-6915.5 11340.3 -13.5 211 0 11.4 76.5 10.0 2.5 2 1 4 4 4
-6753.3 11433.8 -13.6 301 0 14.2 21.8 17.5 0.0 0 1 5 3 3
794.8 -4357.1 8.8 152 0 7.9 44.1 10.5 3.5 2 1 3 1 1
794.8 -4357.1 8.8 152 0 7.9 44.1 10.5 3.5 2 1 3 2 2
822.4 -4683.3 9.5 332 0 10.0 45.6 14.0 3.5 2 0 4 5 5
970.7 -4627.3 11.0 152 0 10.6 34.8 14.0 0.0 0 0 4 1 1
959.4 -4637.3 10.8 150 0 20.7 14.7 14.0 3.5 2 0 4 0 0
1268.8 -4430.6 9.4 148 0 48.4 25.1 14.0 0.0 0 0 4 3 3
1292.3 -4469.6 9.4 150 0 49.1 24.7 14.0 0.0 0 0 4 2 2
823.5 -4561.9 9.5 144 0 6.8 29.4 10.5 3.5 2 0 3 5 5
792.8 -4574.8 9.2 241 0 28.6 7.4 10.5 3.5 2 0 3 1 1
731.7 -4601.0 8.7 332 0 3.6 16.1 10.5 3.5 2 0 3 2 2
1207.5 -4649.4 10.7 242 0 23.3 52.4 21.0 3.5 2 0 6 5 5
1240.8 -4631.1 10.5 242 0 17.1 43.6 10.5 3.5 2 0 3 0 0
1291.0 -4632.9 10.2 332 0 51.1 20.8 10.5 3.5 2 0 3 0 0
1364.3 -4699.7 9.9 332 0 54.7 18.5 10.5 3.5 2 0 3 3 3
1337.9 -4743.8 10.1 63 0 17.4 54.3 10.5 3.5 2 0 3 2 2
1078.3 -4714.2 12.0 243 0 17.0 58.7 10.5 3.5 2 0 3 1 1
1109.0 -4697.7 11.7 241 0 17.3 51.9 10.5 3.5 2 0 3 1 1
1161.3 -4702.9 11.4 332 0 58.2 17.1 10.5 3.5 2 0 3 4 4
1069.3 -4752.3 11.8 333 0 58.3 17.5 10.5 3.5 2 0 3 1 1
1017.2 -4747.6 11.6 241 0 15.2 58.1 10.5 3.5 2 0 3 3 3
1073.4 -4788.1 12.0 332 0 8.7 33.6 10.5 3.5 2 0 3 0 0
1189.8 -4832.0 11.5 62 0 16.0 58.2 10.5 0.0 0 1 3 1 1
1221.0 -4815.4 11.2 62 0 16.7 51.5 10.5 3.5 2 0 3 4 4
1251.9 -4799.0 11.0 62 0 16.0 58.1 10.5 3.5 2 0 3 3 3
1277.0 -4775.9 10.7 63 0 16.7 55.6 10.5 3.5 2 0 3 5 5
1247.5 -4726.3 10.5 152 0 6.9 34.7 10.5 3.5 2 0 3 3 3
1078.6 -4657.9 11.7 152 0 57.7 15.3 10.5 3.5 2 0 3 3 3
1006.5 -4728.6 11.2 61 0 15.3 40.2 10.5 3.5 2 0 3 3 3
1040.0 -4702.8 11.4 62 0 17.3 37.2 10.5 3.5 2 0 3 3 3
1064.6 -4669.6 11.6 337 0 49.7 17.2 10.5 3.5 2 0 3 3 3
644.1 -4651.9 8.4 332 0 16.0 9.4 10.5 3.5 2 0 3 0 0
1199.0 -4682.6 11.0 332 0 68.5 33.2 10.5 0.0 0 0 3 0 0
1155.2 -4842.5 11.8 63 0 15.9 48.2 10.5 3.5 2 1 3 4 4
1113.9 -4872.8 12.0 62 0 69.8 63.9 10.5 0.0 0 0 3 1 1
666.7 -4548.8 8.8 153 0 11.6 3.6 10.5 3.5 2 0 3 5 5
609.2 -4595.9 9.6 62 0 8.2 15.6 10.5 0.0 0 1 3 2 2
828.4 -4663.4 9.6 336 0 22.1 17.3 14.0 3.5 2 0 4 0 0
884.6 -4617.6 9.6 333 0 5.2 87.7 10.5 3.5 2 0 3 2 2
838.4 -4557.5 9.6 241 0 29.3 9.3 10.5 3.5 2 0 3 4 4
-1049.0 -4136.8 19.8 174 0 53.6 62.1 17.5 0.0 0 1 5 1 1
-1060.8 -4165.0 19.8 352 0 29.1 40.6 17.5 0.0 0 1 5 0 0
-965.9 -4165.7 18.1 177 0 54.9 38.8 14.0 0.0 0 0 4 5 5
1037.6 5688.7 -6.1 82 0 17.4 65.7 17.5 3.5 2 1 5 0 0
1270.6 5736.8 -6.6 82 0 26.1 38.5 17.5 0.0 0 1 5 5 5
1213.9 5712.4 -6.5 82 0 18.3 68.1 17.5 3.5 2 1 5 5 5
1093.5 5695.5 -6.2 83 0 79.4 16.6 17.5 3.5 2 0 5 1 1
942.9 5734.7 -6.1 173 0 15.7 69.9 17.5 3.5 2 1 5 1 1
951.8 5684.3 -6.0 171 0 16.4 56.9 17.5 3.5 2 1 5 5 5
940.2 5699.3 -6.0 352 0 50.5 23.1 17.5 3.5 2 0 5 2 2
371.6 5694.2 -4.8 171 0 62.4 27.7 14.0 0.0 0 0 4 2 2
823.6 5688.2 -5.8 82 0 20.0 47.5 14.0 0.0 0 1 4 1 1
783.7 5756.8 -5.8 284 0 56.2 9.8 10.5 3.5 2 0 3 0 0
-48.8 9760.4 -17.1 264 0 139.6 41.3 14.0 0.0 0 0 4 3 3
4118.2 9622.2 -25.8 268 0 136.1 119.8 63.0 0.0 0 0 18 4 4
4384.9 9888.3 -26.2 164 0 154.0 90.4 17.5 0.0 0 0 5 4 4
5958.9 -9577.1 -10.2 335 0 45.0 18.6 14.0 3.5 2 0 4 2 2
5924.7 -9622.3 -10.1 65 0 19.0 48.9 14.0 3.5 2 1 4 1 1
6052.5 -9844.7 -10.8 244 0 44.0 51.5 12.5 0.0 0 1 5 0 0
5970.2 -9916.3 -10.6 154 0 49.7 56.8 10.0 0.0 0 1 4 0 0
6006.9 -10001.5 -10.7 154 0 61.0 18.2 7.5 2.5 2 0 3 2 2
6045.3 -9984.3 -10.8 154 0 61.0 18.2 10.0 2.5 2 0 4 2 2
6145.5 -9941.6 -11.1 334 0 47.2 18.2 7.5 0.0 0 0 3 3 3
6105.5 -9954.3 -11.0 334 0 61.0 18.2 10.0 2.5 2 0 4 5 5
6045.3 -10080.4 -10.9 154 0 61.0 18.2 7.5 2.5 2 0 3 4 4
6103.2 -10085.7 -11.1 64 0 18.2 61.0 10.0 2.5 2 1 4 4 4
6152.6 -10073.7 -11.3 64 0 18.2 61.0 7.5 2.5 2 1 3 4 4
6189.0 -10057.1 -11.3 64 0 18.2 61.0 10.0 2.5 2 1 4 2 2
6251.6 -9913.7 -11.2 245 0 39.8 38.0 10.0 0.0 0 0 4 3 3
6361.8 -9815.2 -11.2 335 0 39.9 75.2 10.0 0.0 0 1 4 5 5
6226.6 -9471.0 -10.5 334 0 54.6 20.3 14.0 3.5 2 0 4 1 1
6188.6 -9491.5 -10.5 334 0 55.2 20.8 14.0 3.5 2 0 4 2 2
4256.2 -10805.7 -4.8 73 0 29.8 28.7 7.5 0.0 0 0 3 3 3
4454.3 -10910.6 -5.6 74 0 31.8 40.5 15.0 0.0 0 1 6 2 2
4642.8 -10443.8 -5.8 242 0 46.4 93.3 10.0 0.0 0 1 4 1 1
4743.3 -10584.6 -6.1 343 0 91.3 126.6 10.0 0.0 0 1 4 1 1
3312.6 -4637.6 -0.7 258 0 411.3 289.5 10.0 0.0 0 0 4 3 3
3621.8 -4571.0 -0.5 258 0 167.5 290.8 7.5 0.0 0 1 3 0 0
-4529.2 2115.5 12.9 93 0 39.9 6.2 10.5 3.5 2 0 3 1 1
-4529.1 2186.9 12.8 247 0 16.4 42.7 17.5 3.5 2 1 5 1 1
-4585.5 2170.8 12.8 247 0 51.0 16.2 17.5 3.5 2 0 5 5 5
-4632.2 4052.7 6.7 48 0 24.1 61.4 12.5 2.5 2 1 5 1 1
-3997.4 -4273.6 22.8 299 0 93.3 61.2 17.5 0.0 0 0 5 1 1
-273.8 -6008.2 12.5 154 0 11.1 64.7 10.0 2.5 2 1 4 5 5
-202.7 -5955.4 12.2 244 0 26.1 21.8 10.0 2.5 4 0 4 0 0
-167.1 -6027.5 12.1 64 0 27.6 53.9 10.0 0.0 0 1 4 4 4
-662.6 -5586.3 14.0 244 0 36.4 107.8 14.0 0.0 0 1 4 4 4
-630.3 -5948.0 14.9 130 0 40.0 28.0 7.5 0.0 0 0 3 1 1
-5720.4 10854.6 -12.4 127 0 39.6 53.5 7.5 0.0 0 1 3 0 0
6849.8 4116.9 -19.3 352 0 69.8 13.0 17.5 3.5 2 0 5 2 2
-3874.7 704.4 14.8 180 0 104.9 156.5 7.5 0.0 0 1 3 5 5
-4311.2 2168.2 12.5 337 0 96.6 8.8 10.5 3.5 2 0 3 5 5
-4334.5 2196.9 12.5 337 0 27.5 74.0 17.5 0.0 0 1 5 0 0
-4051.6 2169.8 12.2 77 0 89.6 60.9 14.0 0.0 0 0 4 3 3
-4345.1 2436.8 11.9 163 0 46.8 32.4 14.0 0.0 0 0 4 5 5
-4301.3 2485.8 11.9 253 0 20.8 59.3 14.0 3.5 2 1 4 2 2
-4318.2 2344.1 12.1 66 0 35.3 40.4 14.0 0.0 0 1 4 4 4
-4294.8 2355.1 12.1 66 0 13.8 46.1 14.0 3.5 2 1 4 4 4
-4270.4 2365.1 12.0 66 0 37.9 28.2 14.0 0.0 0 0 4 0 0
-4210.7 2390.6 11.9 66 0 41.5 27.1 14.0 0.0 0 0 4 4 4
-4274.5 2344.6 12.1 246 0 75.0 130.7 14.0 0.0 0 1 4 0 0
-4174.2 2312.7 11.9 247 0 28.9 51.1 14.0 0.0 0 1 4 5 5
-4863.4 2880.5 11.7 13 0 33.0 13.0 17.5 3.5 2 0 5 0 0
-4582.3 2378.2 12.4 247 0 35.5 26.2 10.0 0.0 0 0 4 5 5
-4289.3 1951.2 12.7 1 0 51.4 17.7 10.0 2.5 2 0 4 0 0
-4398.7 2265.3 12.4 247 0 23.7 61.0 17.5 3.5 2 1 5 0 0
-4424.9 2253.3 12.5 247 0 23.7 61.0 17.5 3.5 2 1 5 5 5
-2183.3 3935.6 4.8 344 0 24.6 16.5 17.5 3.5 4 0 5 0 0
-1983.8 3831.5 5.2 299 0 60.1 33.6 17.5 0.0 0 0 5 3 3
-2037.4 3774.6 5.7 165 0 51.8 18.2 17.5 3.5 2 0 5 3 3
-2151.9 3717.4 6.4 345 0 17.2 62.5 17.5 3.5 2 1 5 3 3
-2257.1 3706.1 6.4 132 0 37.3 55.6 17.5 0.0 0 1 5 0 0
-2430.3 3338.2 5.5 343 0 47.4 41.3 10.0 0.0 0 0 4 4 4
-2510.3 3538.7 7.0 253 0 40.1 46.2 7.5 0.0 0 1 3 2 2
-2623.4 3502.1 7.0 253 0 19.4 58.5 7.5 2.5 2 1 3 3 3
-2647.7 3433.6 7.2 73 0 15.2 58.7 10.0 2.5 2 1 4 5 5
-2618.6 3325.5 5.8 253 0 15.9 54.5 7.5 2.5 2 1 3 1 1
-2560.1 3286.8 5.8 74 0 17.3 42.7 10.0 2.5 2 1 4 1 1
-3964.8 2777.5 10.8 250 0 35.8 32.2 17.5 0.0 0 0 5 5 5
-4532.3 2881.4 11.2 71 0 25.2 79.8 14.0 0.0 0 1 4 5 5
-4653.3 2627.0 11.9 69 0 59.3 14.1 7.5 2.5 2 0 3 5 5
-4691.1 2760.4 11.7 250 0 60.4 12.6 7.5 2.5 2 0 3 0 0
-4389.2 3544.9 10.7 250 0 39.2 13.8 17.5 3.5 2 0 5 2 2
-4372.6 3565.5 10.7 42 0 12.6 46.9 10.0 2.5 2 1 4 3 3
-4309.9 3505.3 10.8 45 0 11.0 61.8 17.5 3.5 2 1 5 5 5
-4346.3 3518.3 10.7 308 0 11.2 53.3 17.5 3.5 2 1 5 0 0
-4339.3 3476.2 11.0 38 0 50.9 10.2 17.5 3.5 2 0 5 5 5
-4367.7 3444.6 10.9 27 0 10.7 34.7 17.5 3.5 2 1 5 4 4
-4398.1 3518.4 10.9 278 0 10.3 51.7 17.5 3.5 2 1 5 2 2
-4426.9 3522.0 11.0 279 0 10.4 60.4 17.5 3.5 2 1 5 4 4
-4460.8 3530.0 11.0 286 0 12.0 58.6 17.5 3.5 2 1 5 4 4
-4488.2 3548.5 10.8 288 0 13.3 58.1 17.5 3.5 2 1 5 5 5
-4523.4 3535.6 11.1 288 0 12.8 41.2 17.5 3.5 2 1 5 1 1
-4550.9 3550.0 10.7 288 0 12.7 82.4 17.5 3.5 2 1 5 3 3
-4599.8 3395.5 9.8 107 0 10.4 69.7 17.5 3.5 2 1 5 0 0
-4573.4 3386.5 9.8 108 0 13.0 71.2 17.5 0.0 0 1 5 4 4
-4555.8 3475.6 10.8 180 0 11.8 63.1 17.5 3.5 2 1 5 5 5
-4449.7 3443.9 10.4 2 0 9.6 53.7 10.5 3.5 2 1 3 4 4
-4454.9 3350.0 9.8 108 0 18.2 92.8 17.5 0.0 0 1 5 0 0
-4514.4 3368.6 9.8 108 0 14.4 56.3 17.5 3.5 2 1 5 2 2
-4486.6 3359.1 9.8 108 0 14.4 71.7 17.5 3.5 2 1 5 0 0
-4545.4 3376.7 9.8 108 0 13.4 70.8 17.5 3.5 4 1 5 0 0
-4499.1 3331.9 10.2 287 0 79.6 10.3 14.0 3.5 2 0 4 3 3
-4427.9 3273.1 10.3 315 0 85.5 12.5 14.0 0.0 0 0 4 1 1
-4418.0 3213.8 10.5 47 0 11.2 82.2 14.0 3.5 2 1 4 4 4
-4455.1 3201.5 10.5 57 0 10.5 63.5 14.0 0.0 0 1 4 1 1
-4499.9 3192.5 10.5 89 0 11.4 39.8 14.0 3.5 2 1 4 2 2
-4535.2 3194.7 10.6 102 0 13.3 40.1 14.0 3.5 2 1 4 4 4
-4561.5 3201.5 10.6 108 0 13.2 43.3 14.0 3.5 2 1 4 1 1
-4586.7 3210.2 10.6 108 0 11.3 41.6 14.0 3.5 4 1 4 2 2
-4609.7 3218.4 10.6 108 0 11.9 27.8 14.0 3.5 2 1 4 5 5
-4632.8 3227.4 10.6 108 0 13.4 40.1 14.0 3.5 2 1 4 3 3
-4641.5 3306.4 10.4 198 0 82.7 13.6 14.0 3.5 4 0 4 2 2
-4591.8 3344.7 10.4 288 0 13.1 75.8 14.0 3.5 2 1 4 1 1
-4567.4 3337.4 10.4 288 0 14.0 83.1 14.0 3.5 2 1 4 0 0
-4542.6 3329.0 10.4 288 0 12.7 60.9 14.0 3.5 2 1 4 4 4
-4515.8 3321.8 10.4 287 0 12.4 53.2 14.0 0.0 0 1 4 3 3
-4491.2 3311.1 10.4 287 0 11.5 47.7 14.0 3.5 2 1 4 1 1
-4857.4 2740.1 11.9 104 0 10.8 43.7 14.0 3.5 2 1 4 5 5
-4814.6 2748.6 11.9 14 0 34.5 9.9 10.5 3.5 2 0 3 3 3
-4766.2 2846.7 11.6 205 0 31.0 10.3 14.0 3.5 2 0 4 2 2
-4735.6 2786.9 11.7 23 0 9.5 24.8 10.5 3.5 2 1 3 1 1
-4644.5 2811.3 11.5 76 0 10.4 38.7 14.0 3.5 2 1 4 0 0
-4733.0 2890.0 11.5 202 0 10.7 61.7 14.0 3.5 2 1 4 0 0
-4751.3 2903.9 11.4 116 0 34.8 25.2 14.0 0.0 0 0 4 5 5
-4739.2 2968.8 11.4 296 0 15.2 37.1 14.0 3.5 2 1 4 0 0
-3763.6 2254.8 11.4 89 0 26.1 54.0 14.0 3.5 2 1 4 0 0
-3591.3 2082.5 10.3 242 0 36.2 54.0 17.5 0.0 0 1 5 4 4
-3447.6 2031.1 11.0 332 0 64.7 19.2 17.5 3.5 2 0 5 5 5
-3479.9 2094.1 10.7 332 0 39.7 19.8 17.5 0.0 0 0 5 3 3
-3524.9 2162.2 10.0 242 0 17.2 50.3 17.5 3.5 4 1 5 1 1
-3550.7 2102.4 10.4 242 0 37.6 65.4 17.5 0.0 0 1 5 0 0
-3541.3 2433.0 8.9 225 0 22.2 19.2 17.5 3.5 2 0 5 4 4
-3493.1 2394.5 8.8 322 0 19.2 26.3 17.5 3.5 2 1 5 0 0
-3530.6 2401.3 8.8 138 0 11.4 26.3 17.5 3.5 2 1 5 5 5
-3478.6 2375.1 8.8 325 0 19.2 26.2 17.5 3.5 2 1 5 5 5
-3298.8 2625.1 8.2 332 0 24.9 28.6 7.5 0.0 0 1 3 0 0
-3239.1 2679.9 8.3 332 0 31.2 40.6 17.5 3.5 2 1 5 2 2
2621.8 -4013.0 1.3 243 0 183.6 318.3 17.5 0.0 0 1 5 5 5
753.9 -5440.2 11.1 62 0 13.5 62.6 14.0 3.5 2 1 4 1 1
386.8 -5498.4 11.2 242 0 11.1 14.9 10.5 3.5 2 1 3 3 3
-400.3 6169.9 -7.2 22 0 92.7 14.3 10.0 2.5 2 0 4 2 2
-428.0 6230.8 -7.2 292 0 30.0 90.8 7.5 0.0 0 1 3 2 2
-479.7 6252.8 -7.1 292 0 26.7 90.0 10.0 0.0 0 1 4 3 3
-502.3 6106.3 -6.5 112 0 98.3 28.6 12.5 0.0 0 0 5 0 0
-1146.9 6371.6 -6.0 22 0 11.2 32.5 10.0 2.5 2 1 4 0 0
-1122.9 6414.3 -6.2 22 0 31.0 14.2 12.5 2.5 2 0 5 1 1
-1209.7 6384.0 -6.0 112 0 42.2 32.7 10.0 0.0 0 0 4 0 0
-1256.0 6497.1 -6.1 291 0 23.7 77.7 5.0 0.0 0 1 2 2 2
-1297.0 6515.4 -6.1 291 0 25.0 78.7 12.5 0.0 0 1 5 2 2
-1337.0 6529.0 -6.0 291 0 29.6 79.4 7.5 0.0 0 1 3 5 5
-1558.2 6578.5 -5.8 201 0 71.8 38.5 10.0 0.0 0 0 4 2 2
-1510.8 6518.5 -5.8 111 0 21.5 69.2 7.5 2.5 2 1 3 3 3
-1456.2 6491.0 -5.8 111 0 80.2 39.9 7.5 0.0 0 0 3 5 5
-1395.7 6541.1 -6.0 21 0 33.4 76.1 7.5 0.0 0 1 3 0 0
-1507.2 6688.0 -6.4 221 0 81.7 147.1 7.5 0.0 0 1 3 0 0
-1797.7 6373.1 -4.6 197 0 26.4 67.5 10.0 0.0 0 1 4 0 0
-1774.9 6528.9 -5.0 291 0 22.3 52.1 7.5 2.5 2 1 3 0 0
-1820.1 6444.1 -4.7 202 0 53.5 20.1 7.5 2.5 2 0 3 1 1
-1849.0 6373.3 -4.4 202 0 51.7 22.4 12.5 0.0 0 0 5 5 5
-1795.4 6300.8 -4.4 109 0 80.3 25.7 7.5 0.0 0 0 3 5 5
-1708.1 6271.5 -4.5 109 0 71.3 23.2 7.5 0.0 0 0 3 1 1
-1698.0 6327.5 -4.7 113 0 25.0 45.5 7.5 0.0 0 1 3 2 2
-1752.3 6429.5 -4.8 197 0 9.2 36.3 7.5 2.5 2 1 3 2 2
-1790.1 6423.3 -4.8 197 0 16.4 91.7 7.5 2.5 2 1 3 3 3
-1769.9 6465.3 -5.0 197 0 17.9 76.9 10.0 2.5 2 1 4 4 4
-1711.3 6500.9 -5.1 287 0 73.7 15.6 10.0 2.5 2 0 4 2 2
-1589.5 6453.4 -5.2 290 0 67.1 20.7 10.0 2.5 2 0 4 5 5
-1652.0 6462.3 -5.1 293 0 24.0 44.1 10.0 0.0 0 1 4 0 0
-1577.6 6397.9 -5.1 289 0 87.9 19.6 10.0 0.0 0 0 4 2 2
-1522.2 6428.4 -5.3 290 0 44.6 19.8 7.5 0.0 0 0 3 2 2
-1479.5 6364.6 -5.3 36 0 69.5 19.5 7.5 2.5 4 0 3 1 1
-1534.7 6287.7 -4.9 36 0 70.1 18.3 10.0 2.5 2 0 4 0 0
-1618.6 6237.5 -4.6 109 0 69.2 23.6 7.5 0.0 0 0 3 3 3
-1578.2 6289.4 -4.7 19 0 18.8 94.9 12.5 0.0 0 1 5 3 3
-1565.7 6333.0 -4.9 19 0 18.5 95.0 7.5 0.0 0 1 3 3 3
-2166.7 6473.7 -4.0 129 0 30.0 14.6 17.5 3.5 2 0 5 2 2
-2281.7 6201.3 -2.8 216 0 10.6 32.8 17.5 3.5 4 1 5 3 3
-2314.4 6152.2 -2.6 217 0 36.1 67.5 17.5 0.0 0 1 5 5 5
-2212.4 6148.8 -2.8 306 0 8.4 14.1 10.5 3.5 2 1 3 3 3
-2190.4 6125.7 -2.7 306 0 16.8 14.4 17.5 3.5 2 0 5 3 3
-2240.9 6177.4 -2.8 306 0 22.9 45.5 17.5 0.0 0 1 5 5 5
-2228.0 6111.2 -2.6 306 0 49.8 22.2 17.5 3.5 2 0 5 1 1
-2226.1 6161.7 -2.8 306 0 16.5 39.1 17.5 3.5 2 1 5 0 0
-2219.9 6191.2 -3.0 126 0 11.1 25.2 17.5 3.5 2 1 5 1 1
-2200.4 6196.4 -3.0 126 0 16.8 12.3 17.5 3.5 2 0 5 5 5
-2224.0 6267.5 -3.2 218 0 25.7 8.5 10.5 3.5 2 0 3 5 5
-2100.4 6155.7 -3.1 305 0 58.5 32.9 17.5 0.0 0 0 5 0 0
-2118.6 6088.4 -2.8 306 0 11.2 19.0 17.5 3.5 2 1 5 1 1
-2178.1 5982.0 -2.4 36 0 33.1 82.8 17.5 0.0 0 1 5 0 0
-2200.9 5938.3 -2.2 36 0 31.2 100.2 17.5 0.0 0 1 5 3 3
-2326.5 5874.0 -1.6 36 0 16.2 18.4 17.5 3.5 2 1 5 4 4
-2342.6 5847.6 -1.5 36 0 17.9 49.6 17.5 3.5 4 1 5 3 3
-2375.5 5843.9 -1.4 36 0 11.0 27.2 17.5 3.5 2 1 5 4 4
-2353.7 5831.4 -1.4 36 0 14.8 21.7 17.5 3.5 4 1 5 5 5
-2332.9 5771.7 -1.3 35 0 39.6 71.4 17.5 0.0 0 1 5 3 3
-2344.9 5723.3 -1.1 36 0 20.0 59.9 17.5 3.5 2 1 5 1 1
-2448.3 6543.9 -3.5 38 0 10.7 30.6 17.5 3.5 2 1 5 4 4
-2510.0 6531.0 -3.4 218 0 37.0 13.8 17.5 3.5 2 0 5 3 3
-2484.1 6584.7 -3.5 308 0 19.5 86.8 17.5 0.0 0 1 5 2 2
-2479.7 6701.5 -4.0 268 0 36.6 12.4 17.5 3.5 2 0 5 4 4
-2553.8 6590.5 -3.5 39 0 23.0 72.6 17.5 3.5 4 1 5 0 0
-2518.7 6644.9 -3.7 355 0 18.7 47.8 17.5 3.5 2 1 5 5 5
-2529.7 6589.2 -3.5 38 0 25.2 13.1 17.5 3.5 2 0 5 5 5
-639.7 7283.6 -8.4 291 0 238.6 195.5 5.0 0.0 0 0 2 1 1
-887.5 4637.5 1.2 308 0 49.1 7.9 10.5 3.5 2 0 3 3 3
-839.8 4587.7 1.3 219 0 15.0 33.3 17.5 0.0 0 1 5 3 3
-800.7 4668.4 0.9 218 0 35.3 19.0 17.5 0.0 0 0 5 0 0
-745.1 4637.3 0.9 36 0 26.3 38.5 17.5 0.0 0 1 5 3 3
-526.1 4616.0 0.4 39 0 23.3 26.0 17.5 0.0 0 1 5 3 3
-612.9 4500.6 0.6 128 0 11.6 114.4 17.5 3.5 2 1 5 0 0
-582.5 4516.4 0.6 127 0 11.5 85.4 17.5 3.5 2 1 5 0 0
-46.6 6768.0 -6.4 126 0 76.7 25.8 5.0 0.0 0 0 2 2 2
-212.0 6884.4 -6.9 123 0 84.7 27.9 7.5 0.0 0 0 3 5 5
-189.6 6924.2 -6.8 122 0 97.3 163.1 7.5 0.0 0 1 3 2 2
-268.9 7076.3 -7.1 213 0 158.4 84.5 7.5 0.0 0 0 3 0 0
-143.5 7240.6 -7.4 304 0 21.1 102.8 10.0 0.0 0 1 4 5 5
-103.9 7215.8 -7.5 304 0 46.8 108.4 7.5 0.0 0 1 3 5 5
-31.1 7169.7 -7.6 304 0 97.0 105.7 12.5 0.0 0 1 5 4 4
64.3 6969.9 -7.6 307 0 179.8 181.8 12.5 0.0 0 1 5 5 5
-390.9 7068.4 -7.7 24 0 199.6 152.2 7.5 0.0 0 0 3 4 4
-715.4 5724.0 -3.8 131 0 31.4 21.2 10.0 0.0 0 0 4 5 5
-560.3 5785.6 -4.1 294 0 50.7 12.4 7.5 2.5 2 0 3 4 4
-616.3 5794.4 -4.2 311 0 15.3 32.7 7.5 2.5 2 0 3 1 1
-598.3 5757.6 -4.0 41 0 22.4 30.0 10.0 0.0 0 0 4 5 5
-434.2 5856.5 -3.3 128 0 14.7 47.0 17.5 3.5 2 1 5 2 2
-351.2 6014.0 -4.3 293 0 35.7 16.8 14.0 3.5 4 0 4 4 4
-370.2 5968.0 -4.1 293 0 36.1 19.5 17.5 0.0 0 0 5 4 4
-1414.0 4545.5 2.2 81 0 29.3 10.2 17.5 3.5 2 0 5 5 5
-1445.7 4570.4 2.0 169 0 36.4 21.8 17.5 0.0 0 0 5 5 5
-970.6 4171.5 4.4 120 0 12.8 25.6 14.0 3.5 2 1 4 4 4
-889.5 4320.2 2.6 120 0 14.8 41.2 14.0 3.5 2 1 4 0 0
-911.2 4304.6 3.5 30 0 35.6 20.4 14.0 0.0 0 0 4 3 3
-944.7 4256.1 4.5 30 0 55.6 16.0 14.0 3.5 2 0 4 5 5
390.1 2935.7 0.2 110 0 90.3 22.2 17.5 0.0 0 0 5 5 5
403.5 3020.8 -0.3 95 0 12.9 64.5 17.5 0.0 0 1 5 1 1
516.3 3106.2 -0.4 92 0 37.9 20.1 17.5 0.0 0 0 5 3 3
446.8 3089.5 -0.3 84 0 54.5 97.8 17.5 0.0 0 1 5 2 2
-187.2 4156.8 2.1 299 0 30.6 8.9 7.5 2.5 2 0 3 5 5
-150.6 4110.1 2.1 300 0 38.9 76.7 7.5 0.0 0 1 3 5 5
-504.7 4122.0 3.4 29 0 7.6 55.6 10.5 0.0 0 1 3 5 5
-662.1 4183.5 3.8 209 0 18.5 53.4 17.5 3.5 2 1 5 3 3
-584.2 4151.9 3.3 298 0 39.1 77.1 17.5 0.0 0 1 5 1 1
-1073.9 4633.0 1.2 224 0 27.2 11.6 14.0 3.5 2 0 4 4 4
-1079.3 4653.8 1.3 318 0 13.6 30.5 17.5 3.5 2 1 5 4 4
1129.9 4389.0 -4.4 24 0 67.9 25.2 7.5 0.0 0 0 3 0 0
1159.5 4799.2 -4.7 264 0 21.5 20.4 7.5 2.5 2 0 3 0 0
1016.2 4796.8 -4.4 269 0 27.1 27.2 17.5 0.0 0 1 5 5 5
1078.9 4672.5 -4.5 221 0 18.0 28.8 10.0 0.0 0 1 4 1 1
1052.8 4622.6 -4.7 221 0 18.0 28.8 10.0 0.0 0 1 4 4 4
1109.8 4575.8 -4.6 133 0 18.3 29.2 12.5 0.0 0 1 5 3 3
1132.1 4654.2 -4.2 221 0 18.1 28.8 7.5 0.0 0 1 3 3 3
1104.2 4725.4 -4.1 221 0 18.1 28.8 10.0 0.0 0 1 4 1 1
1161.4 4708.3 -4.7 221 0 18.1 28.8 7.5 0.0 0 1 3 0 0
1190.1 4799.4 -4.7 269 0 31.7 22.8 7.5 0.0 0 0 3 3 3
1231.7 4803.1 -3.8 269 0 28.0 22.4 10.0 0.0 0 0 4 2 2
1185.5 4762.8 -4.6 268 0 53.0 19.8 10.0 2.5 4 0 4 1 1
1209.2 4584.4 -4.1 21 0 32.2 18.9 10.0 0.0 0 0 4 2 2
1266.1 4739.3 -4.3 18 0 31.8 19.9 10.0 0.0 0 0 4 2 2
1240.8 4663.3 -4.7 21 0 31.8 18.4 7.5 2.5 2 0 3 0 0
1234.6 4620.9 -4.5 20 0 17.6 51.6 7.5 2.5 2 1 3 4 4
1265.5 4696.4 -4.7 18 0 17.6 51.6 7.5 2.5 2 1 3 1 1
1205.7 4544.4 -4.4 23 0 17.6 51.6 7.5 2.5 2 1 3 4 4
2466.4 -702.2 1.1 141 0 38.6 74.9 10.0 0.0 0 1 4 5 5
2626.3 -716.8 0.6 321 0 178.8 45.1 10.0 0.0 0 0 4 3 3
6504.5 10816.8 -35.0 62 0 33.3 99.9 14.0 0.0 0 1 4 3 3
6374.2 11111.6 -34.2 332 0 42.5 77.8 14.0 0.0 0 1 4 1 1
6270.0 11122.0 -33.9 332 0 42.1 11.4 14.0 3.5 2 0 4 0 0
6220.9 11188.0 -33.9 242 0 10.0 46.1 10.5 3.5 2 1 3 3 3
6267.1 11294.9 -34.3 242 0 36.4 11.6 14.0 3.5 2 0 4 3 3
6342.4 11162.2 -33.9 332 0 41.2 68.9 14.0 0.0 0 1 4 4 4
3979.8 11521.6 -28.2 160 0 18.7 41.1 7.5 2.5 4 1 3 3 3
3937.3 11676.5 -27.9 249 0 41.3 14.9 7.5 2.5 2 0 3 0 0
3996.3 11609.9 -28.4 339 0 68.3 19.8 10.0 2.5 2 0 4 3 3
4423.7 11944.3 -29.4 309 0 14.3 54.6 14.0 3.5 2 1 4 3 3
4374.4 11871.2 -30.6 39 0 54.0 11.9 14.0 3.5 2 0 4 2 2
4375.8 11948.7 -29.9 239 0 54.7 9.0 10.5 3.5 2 0 3 0 0
3948.1 11270.3 -24.2 339 0 60.8 19.7 14.0 3.5 4 0 4 3 3
-6758.8 4779.1 6.6 306 0 17.5 48.7 17.5 3.5 2 0 5 5 5
550.8 -4940.2 8.7 243 0 49.2 102.4 14.0 0.0 0 1 4 5 5
-6354.5 4741.6 8.0 203 0 96.2 12.2 14.0 3.5 2 0 4 0 0
-4768.3 9222.7 -8.8 333 0 74.1 47.1 7.5 0.0 0 0 3 0 0
-6753.4 4935.8 6.0 36 0 63.8 26.8 17.5 0.0 0 0 5 3 3
-6713.1 4945.7 6.2 306 0 53.1 16.4 17.5 3.5 2 0 5 3 3
-6660.8 5359.6 6.2 15 0 17.6 22.8 14.0 3.5 2 1 4 0 0
-6647.3 5382.6 6.1 15 0 10.2 17.4 14.0 3.5 2 1 4 4 4
-6638.7 5379.1 6.2 195 0 5.5 18.3 10.5 3.5 2 0 3 4 4
-6575.4 5318.8 5.3 15 0 18.5 32.7 17.5 0.0 0 1 5 0 0
-6527.0 5329.5 5.8 106 0 17.2 24.6 17.5 3.5 2 0 5 0 0
-6489.0 5322.7 5.5 106 0 35.2 21.6 17.5 0.0 0 0 5 4 4
6895.5 10090.0 -34.2 333 0 101.0 100.2 17.5 0.0 0 0 5 4 4
-5840.8 8398.7 -4.0 231 0 38.6 26.0 17.5 0.0 0 0 5 5 5
-5919.7 8377.9 -3.7 142 0 25.6 20.6 17.5 3.5 2 0 5 2 2
-5850.9 8416.4 -4.0 52 0 20.6 25.7 17.5 3.5 2 0 5 4 4
-5897.5 8393.8 -3.8 53 0 13.5 7.8 10.5 3.5 2 0 3 4 4
-5809.1 8472.0 -4.1 322 0 20.1 25.8 17.5 3.5 2 0 5 1 1
-5768.8 8420.3 -4.2 322 0 20.1 25.8 17.5 3.5 2 0 5 5 5
-5748.3 8397.0 -4.0 322 0 20.2 25.8 17.5 3.5 2 0 5 5 5
-5732.7 8356.4 -4.2 52 0 25.9 20.1 17.5 3.5 2 0 5 3 3
-5744.1 8416.0 -4.6 141 0 178.4 89.7 17.5 0.0 0 0 5 2 2
-5624.7 8475.9 -4.7 319 0 24.3 31.8 17.5 0.0 0 0 5 2 2
-5646.0 8486.6 -4.8 320 0 20.2 22.5 17.5 3.5 2 0 5 0 0
1011.9 -5217.3 12.9 342 0 18.0 22.1 14.0 3.5 4 1 4 1 1
1018.1 -5242.1 13.0 345 0 16.4 21.6 14.0 3.5 2 1 4 3 3
1004.9 -5268.3 12.7 159 0 14.0 21.8 14.0 3.5 2 1 4 2 2
1012.5 -5287.7 12.2 151 0 18.5 24.3 14.0 3.5 2 1 4 4 4
1084.1 -5254.2 12.0 237 0 25.7 17.7 14.0 3.5 2 0 4 4 4
1112.5 -5271.8 11.5 327 0 17.7 25.7 14.0 3.5 2 1 4 4 4
1124.2 -5289.5 11.1 327 0 17.7 25.7 14.0 3.5 2 1 4 3 3
1024.5 -5310.0 11.5 147 0 17.7 25.7 14.0 3.5 2 1 4 5 5
1036.1 -5327.5 11.1 147 0 17.7 25.7 14.0 0.0 0 1 4 5 5
-3724.3 11976.4 -18.9 330 0 57.4 61.1 17.5 0.0 0 1 5 2 2
513.5 10060.8 -20.9 90 0 109.0 278.8 63.0 0.0 0 1 18 5 5
5705.0 11739.8 -35.0 152 0 22.7 27.2 17.5 0.0 0 1 5 3 3
5789.5 11742.0 -34.9 61 0 20.4 25.2 17.5 0.0 0 1 5 0 0
5761.8 11724.6 -35.1 61 0 20.6 25.2 17.5 0.0 0 1 5 0 0
5691.9 11850.6 -34.4 241 0 20.6 25.2 17.5 0.0 0 1 5 5 5
5719.8 11868.0 -34.3 241 0 20.6 25.2 17.5 0.0 0 1 5 1 1
6494.4 9744.6 -33.2 243 0 31.4 17.4 14.0 3.5 2 0 4 0 0
6566.1 9700.7 -33.1 332 0 74.8 31.7 14.0 0.0 0 0 4 2 2
6522.0 9679.2 -33.0 332 0 72.7 25.5 14.0 0.0 0 0 4 2 2
6384.2 9683.8 -33.1 243 0 14.6 53.2 14.0 3.5 2 1 4 5 5
6388.3 9581.1 -32.8 154 0 48.4 119.6 14.0 0.0 0 1 4 2 2
6518.9 9569.7 -32.6 62 0 23.4 33.1 14.0 0.0 0 1 4 4 4
6592.9 9643.5 -32.8 333 0 25.0 73.9 14.0 0.0 0 1 4 4 4
6439.6 9929.7 -34.0 340 0 47.6 16.8 14.0 0.0 0 0 4 2 2
6381.1 9990.1 -34.3 75 0 8.6 41.8 10.5 3.5 2 1 3 5 5
6391.9 9993.9 -34.3 77 0 9.7 23.1 10.5 3.5 2 1 3 0 0
6367.0 9987.5 -34.3 75 0 13.6 24.0 14.0 3.5 2 1 4 0 0
6214.0 10064.8 -34.2 254 0 100.2 90.7 14.0 0.0 0 0 4 1 1
6104.4 9996.6 -32.1 345 0 88.0 25.7 17.5 0.0 0 0 5 3 3
5946.2 9856.9 -31.0 62 0 14.6 39.5 17.5 0.0 0 1 5 1 1
6086.2 9716.5 -31.2 243 0 44.1 29.9 14.0 0.0 0 0 4 5 5
6134.4 9769.3 -31.4 154 0 35.1 14.6 14.0 3.5 2 0 4 5 5
6151.2 9751.7 -31.4 244 0 14.8 30.6 14.0 3.5 2 1 4 5 5
6302.7 9623.8 -28.3 333 0 27.2 34.2 17.5 0.0 0 1 5 3 3
5854.8 9821.5 -31.0 60 0 20.6 31.1 17.5 0.0 0 1 5 0 0
5663.8 9822.7 -31.4 165 0 17.9 62.1 17.5 3.5 4 1 5 2 2
5803.4 9863.6 -31.1 344 0 15.1 64.7 17.5 3.5 2 1 5 4 4
5747.9 9781.0 -31.2 65 0 24.9 42.8 17.5 0.0 0 1 5 1 1
5927.0 9565.4 -30.3 70 0 18.9 84.7 17.5 0.0 0 1 5 1 1
5860.6 9615.1 -30.7 71 0 45.2 24.1 17.5 0.0 0 0 5 0 0
5834.3 9567.7 -30.8 62 0 11.2 61.0 17.5 3.5 4 1 5 3 3
5868.6 9747.6 -30.5 253 0 14.8 72.1 17.5 3.5 2 1 5 1 1
5813.3 9730.5 -31.2 253 0 97.0 71.5 17.5 0.0 0 0 5 3 3
5806.4 9769.5 -31.1 253 0 90.8 21.2 17.5 0.0 0 0 5 1 1
5731.6 9689.2 -31.1 163 0 16.5 26.3 17.5 3.5 2 1 5 5 5
5726.3 9745.0 -31.3 254 0 17.8 31.5 17.5 3.5 2 1 5 2 2
5760.4 9643.0 -31.0 164 0 30.1 15.3 17.5 3.5 2 0 5 0 0
5757.2 9585.5 -30.8 335 0 34.6 33.0 17.5 0.0 0 0 5 3 3
5736.9 9614.9 -30.8 331 0 33.0 28.1 17.5 0.0 0 0 5 0 0
5675.5 9568.9 -30.2 153 0 33.3 23.9 17.5 0.0 0 0 5 5 5
5640.1 9703.3 -30.7 243 0 28.3 30.3 17.5 0.0 0 1 5 5 5
5694.1 9707.1 -31.2 334 0 69.6 34.9 17.5 0.0 0 0 5 4 4
5648.4 9630.6 -30.4 61 0 26.5 35.0 17.5 0.0 0 1 5 0 0
5609.8 9694.1 -30.5 242 0 32.0 34.3 17.5 0.0 0 1 5 3 3
5522.9 9671.4 -30.4 245 0 32.8 83.1 17.5 0.0 0 1 5 3 3
5591.1 9602.3 -30.4 65 0 32.0 25.7 17.5 0.0 0 0 5 5 5
6733.5 10099.4 -34.2 152 0 15.6 50.2 17.5 3.5 2 1 5 4 4
6715.3 10132.3 -34.3 152 0 16.1 50.1 17.5 3.5 2 1 5 4 4
6764.9 10183.0 -34.3 242 0 15.4 45.2 17.5 3.5 2 1 5 1 1
6912.3 10102.9 -34.2 62 0 15.1 66.8 17.5 3.5 2 1 5 3 3
6801.3 9955.2 -33.7 61 0 12.6 50.0 17.5 3.5 2 1 5 0 0
6815.0 9968.3 -33.7 62 0 17.9 48.9 17.5 3.5 2 1 5 4 4
6817.7 9872.2 -33.3 152 0 63.6 17.2 14.0 0.0 0 0 4 5 5
6838.3 9931.5 -33.4 241 0 5.7 62.1 10.5 3.5 4 1 3 0 0
6885.6 9880.5 -33.2 61 0 14.5 6.0 10.5 3.5 2 0 3 4 4
6863.4 9931.4 -33.4 240 0 4.9 37.0 10.5 3.5 2 1 3 3 3
6872.6 9936.2 -33.4 241 0 7.9 36.9 10.5 3.5 2 1 3 4 4
6902.1 9904.2 -33.5 317 0 6.6 14.7 10.5 3.5 2 1 3 3 3
6879.6 9748.9 -33.6 151 0 45.7 31.0 14.0 0.0 0 0 4 4 4
6494.9 10144.4 -34.7 152 0 50.6 20.9 17.5 3.5 2 0 5 1 1
6554.6 10049.3 -34.4 62 0 22.7 62.1 17.5 3.5 2 1 5 5 5
6433.6 10067.8 -34.5 242 0 13.3 30.7 17.5 3.5 2 1 5 4 4
6675.7 9891.4 -33.6 64 0 75.9 27.1 14.0 0.0 0 0 4 1 1
6601.7 9855.0 -33.6 63 0 53.0 28.8 14.0 0.0 0 0 4 5 5
6506.8 9901.3 -33.8 153 0 62.9 15.7 14.0 3.5 2 0 4 1 1
6475.6 9982.3 -34.1 242 0 27.1 53.1 14.0 0.0 0 1 4 0 0
6738.1 9961.7 -33.8 332 0 56.6 23.6 14.0 3.5 4 0 4 3 3
6647.4 9825.7 -33.3 244 0 52.6 110.1 14.0 0.0 0 1 4 5 5
6753.6 9672.5 -32.6 144 0 13.0 35.1 14.0 3.5 2 1 4 4 4
5696.8 10798.6 -32.8 333 0 75.5 19.4 17.5 0.0 0 0 5 4 4
5644.1 10733.5 -32.6 155 0 15.0 41.8 17.5 3.5 2 1 5 2 2
5525.0 10431.5 -31.5 158 0 18.7 36.6 7.5 2.5 4 1 3 4 4
5699.4 10226.6 -31.6 332 0 63.7 29.2 14.0 0.0 0 0 4 3 3
5744.6 10139.2 -31.8 332 0 63.7 29.2 14.0 0.0 0 0 4 3 3
6836.5 11619.1 -39.3 60 0 28.2 78.0 17.5 0.0 0 1 5 4 4
6793.8 11716.7 -39.6 241 0 26.5 27.8 17.5 0.0 0 1 5 5 5
6910.7 11679.4 -39.9 62 0 13.2 88.3 14.0 3.5 2 1 4 1 1
5545.6 10753.8 -31.6 292 0 50.8 18.3 7.5 2.5 2 0 3 2 2
5587.1 10652.1 -31.4 42 0 32.6 20.5 7.5 0.0 0 0 3 3 3
5565.1 10622.9 -31.1 61 0 18.9 72.7 10.0 2.5 2 1 4 2 2
5593.0 10714.0 -31.7 333 0 47.9 22.1 10.0 2.5 2 0 4 2 2
5692.5 10493.1 -31.6 240 0 18.2 20.8 17.5 3.5 2 1 5 3 3
5640.4 10469.2 -31.3 152 0 18.1 19.9 17.5 3.5 2 1 5 1 1
5653.0 10445.6 -31.3 153 0 16.4 17.7 17.5 3.5 2 1 5 1 1
5667.0 10420.9 -31.3 153 0 16.1 17.4 17.5 3.5 2 1 5 3 3
5683.2 10388.9 -31.3 152 0 16.7 19.0 17.5 3.5 2 1 5 4 4
5695.3 10364.4 -31.3 154 0 16.7 19.3 17.5 3.5 2 1 5 5 5
5709.5 10338.9 -31.3 153 0 18.1 19.2 17.5 3.5 4 1 5 5 5
5718.0 10312.2 -31.3 153 0 17.9 22.3 17.5 3.5 2 1 5 4 4
5741.0 10500.5 -32.2 243 0 16.1 96.1 17.5 3.5 2 1 5 2 2
5824.1 10339.9 -32.1 63 0 16.3 77.3 17.5 3.5 2 1 5 5 5
5759.6 10359.6 -31.6 61 0 19.1 24.4 17.5 0.0 0 1 5 4 4
5774.6 10321.7 -31.6 62 0 25.8 16.4 17.5 0.0 0 0 5 2 2
6318.0 10894.4 -33.7 151 0 63.2 38.4 14.0 0.0 0 0 4 5 5
5716.0 10049.7 -31.0 76 0 44.9 34.1 14.0 0.0 0 0 4 5 5
5617.5 11478.6 -35.6 330 0 22.1 18.0 17.5 0.0 0 0 5 4 4
5606.2 11498.7 -36.0 332 0 21.8 18.8 17.5 3.5 2 0 5 5 5
6161.1 10702.2 -33.2 62 0 20.3 64.6 17.5 3.5 4 1 5 1 1
5757.6 11191.4 -34.7 332 0 50.3 31.8 14.0 0.0 0 0 4 1 1
5610.8 10975.2 -32.9 63 0 8.8 15.5 10.5 3.5 2 1 3 1 1
5915.0 11361.0 -36.3 240 0 14.8 50.6 17.5 3.5 2 1 5 4 4
6013.1 11198.4 -34.3 61 0 46.7 40.4 17.5 0.0 0 0 5 5 5
6059.4 10865.7 -33.3 152 0 12.4 50.0 17.5 3.5 2 1 5 2 2
6129.3 10818.9 -33.3 64 0 10.0 14.2 10.5 3.5 2 1 3 5 5
6112.6 10839.1 -33.3 153 0 14.0 11.1 17.5 3.5 2 0 5 2 2
6166.1 10922.2 -33.5 331 0 39.6 50.0 17.5 0.0 0 1 5 5 5
6195.2 10860.9 -33.5 332 0 48.1 45.7 17.5 0.0 0 0 5 1 1
6249.0 10825.9 -33.5 331 0 50.7 87.3 17.5 0.0 0 1 5 5 5
6013.8 10929.7 -33.4 152 0 108.5 44.4 17.5 0.0 0 0 5 5 5
5998.2 11013.7 -33.5 152 0 12.7 19.3 17.5 0.0 0 1 5 1 1
5965.1 11025.9 -33.5 152 0 72.5 19.1 17.5 3.5 2 0 5 4 4
5951.6 11113.5 -34.0 241 0 22.0 15.8 17.5 3.5 2 0 5 4 4
5911.8 11085.7 -33.5 286 0 20.9 35.1 17.5 0.0 0 1 5 5 5
6076.1 11075.2 -34.2 332 0 60.9 54.0 17.5 0.0 0 0 5 5 5
6070.6 11158.2 -34.6 331 0 36.5 93.0 17.5 0.0 0 1 5 2 2
6262.2 11339.2 -34.7 332 0 11.1 71.7 17.5 3.5 2 1 5 5 5
6055.7 10836.9 -33.3 151 0 21.4 64.4 17.5 3.5 4 1 5 0 0
6141.7 10783.5 -33.3 151 0 31.7 15.9 17.5 3.5 2 0 5 2 2
6074.0 10765.6 -33.2 152 0 19.6 63.1 17.5 3.5 2 1 5 4 4
6216.0 10714.8 -33.3 63 0 15.5 32.1 17.5 3.5 2 1 5 3 3
6400.6 10911.0 -33.8 332 0 14.3 31.1 14.0 3.5 2 1 4 4 4
6369.9 10966.1 -33.9 331 0 90.0 17.8 14.0 3.5 2 0 4 4 4
6373.5 11028.9 -34.1 62 0 27.3 34.1 14.0 0.0 0 1 4 5 5
6287.1 10875.5 -33.6 151 0 63.6 27.8 14.0 0.0 0 0 4 5 5
6324.1 10993.0 -33.8 330 0 57.5 40.7 14.0 0.0 0 0 4 3 3
6241.9 11029.4 -34.2 152 0 41.8 59.6 14.0 0.0 0 1 4 5 5
6212.8 11009.7 -33.7 152 0 50.2 18.8 14.0 3.5 2 0 4 5 5
6177.1 11062.6 -34.3 153 0 34.9 44.4 14.0 0.0 0 1 4 4 4
6224.3 11098.3 -34.0 152 0 14.3 30.4 14.0 3.5 2 1 4 2 2
6258.1 11090.1 -34.0 152 0 19.4 9.0 10.5 3.5 2 0 3 3 3
6175.3 11214.2 -33.9 241 0 41.5 45.0 14.0 0.0 0 1 4 0 0
5915.0 10509.6 -32.6 153 0 27.8 64.7 17.5 0.0 0 1 5 4 4
6009.7 10475.0 -32.7 109 0 11.9 28.4 17.5 3.5 2 1 5 0 0
6056.7 10488.6 -32.7 287 0 12.5 29.0 17.5 3.5 4 1 5 0 0
6696.6 10387.2 -32.9 358 0 8.0 32.0 10.5 3.5 2 1 3 3 3
6483.6 10262.3 -33.4 81 0 16.7 28.3 17.5 0.0 0 1 5 1 1
6304.8 10325.3 -34.7 152 0 28.6 28.9 17.5 0.0 0 1 5 0 0
6367.6 10375.1 -34.8 241 0 29.3 30.4 17.5 0.0 0 1 5 5 5
6393.2 10329.2 -34.5 242 0 30.8 30.2 17.5 0.0 0 0 5 0 0
6569.2 10539.9 -33.0 359 0 25.2 8.4 10.5 3.5 4 0 3 1 1
6557.3 10540.1 -33.1 359 0 26.1 8.0 10.5 3.5 4 0 3 2 2
6589.6 10563.2 -33.5 359 0 9.2 63.5 10.5 0.0 0 1 3 1 1
6598.2 10518.3 -33.1 359 0 7.9 48.1 10.5 3.5 2 1 3 2 2
6547.9 10531.1 -33.2 359 0 31.2 8.8 10.5 3.5 4 0 3 5 5
6532.6 10515.9 -33.2 89 0 8.1 33.8 10.5 3.5 4 1 3 2 2
6462.7 10526.0 -34.5 178 0 23.1 45.6 17.5 0.0 0 1 5 1 1
6462.9 10494.4 -34.5 152 0 28.9 9.1 10.5 3.5 2 0 3 0 0
6509.2 10494.9 -33.3 179 0 23.0 15.4 17.5 3.5 2 0 5 5 5
6509.9 10457.8 -33.3 179 0 10.5 75.9 17.5 3.5 2 1 5 2 2
6663.3 10437.9 -33.5 269 0 6.6 31.1 10.5 3.5 4 1 3 1 1
6689.9 10432.2 -32.6 268 0 8.9 27.1 10.5 3.5 2 1 3 4 4
6696.7 10397.9 -33.1 360 0 8.4 31.9 10.5 3.5 4 1 3 0 0
6308.3 10565.5 -33.8 333 0 26.2 12.3 17.5 0.0 0 0 5 2 2
6339.8 10491.0 -32.9 62 0 11.3 53.3 17.5 3.5 2 1 5 3 3
6625.4 10664.6 -33.4 331 0 43.7 62.1 17.5 0.0 0 1 5 0 0
6074.1 10525.7 -32.8 291 0 9.0 30.1 10.5 3.5 2 1 3 4 4
6095.0 10551.4 -32.9 305 0 9.2 26.1 10.5 3.5 2 1 3 5 5
5992.2 10596.7 -32.8 254 0 49.5 21.6 17.5 3.5 2 0 5 5 5
5861.8 10844.9 -33.1 241 0 50.8 11.2 14.0 3.5 2 0 4 4 4
5777.7 10748.8 -32.8 155 0 39.3 18.5 14.0 3.5 2 0 4 1 1
5818.9 10678.4 -32.7 154 0 61.0 17.9 14.0 3.5 2 0 4 5 5
5883.1 10707.6 -32.9 332 0 39.1 20.4 14.0 0.0 0 0 4 5 5
5758.2 10953.6 -33.1 330 0 11.5 25.5 14.0 3.5 2 1 4 4 4
5861.2 11041.4 -33.4 333 0 40.2 58.0 14.0 0.0 0 1 4 3 3
5711.0 10981.7 -33.1 241 0 77.9 19.1 14.0 3.5 2 0 4 1 1
5696.8 10899.6 -32.9 153 0 56.3 15.6 14.0 3.5 4 0 4 4 4
5783.3 10926.8 -33.1 329 0 25.0 53.2 14.0 3.5 2 1 4 5 5
6404.3 10537.6 -35.3 333 0 47.7 13.2 17.5 0.0 0 0 5 2 2
6368.3 10594.6 -32.4 329 0 11.1 10.2 17.5 3.5 2 0 5 5 5
6383.4 10577.3 -32.3 332 0 31.5 10.8 17.5 3.5 2 0 5 5 5
6353.5 10560.7 -33.6 331 0 25.9 11.6 17.5 0.0 0 0 5 0 0
6372.0 10529.3 -33.6 333 0 33.1 12.4 17.5 3.5 2 0 5 3 3
6337.3 10432.5 -32.2 61 0 10.1 47.6 17.5 3.5 2 1 5 3 3
6407.2 10450.6 -35.0 61 0 10.8 45.0 17.5 3.5 2 1 5 3 3
6373.6 10441.1 -35.2 61 0 7.2 45.0 10.5 0.0 0 1 3 5 5
6309.2 10420.2 -31.5 62 0 7.5 48.4 10.5 3.5 2 1 3 2 2
6324.1 10593.8 -33.9 345 0 10.1 44.3 17.5 0.0 0 1 5 4 4
5714.9 11518.8 -36.0 151 0 5.9 42.1 5.0 0.0 0 1 2 0 0
-6540.9 4571.3 9.0 37 0 6.0 6.2 10.5 3.5 2 1 3 0 0
-6529.9 4592.6 8.6 127 0 6.2 6.0 10.5 3.5 2 0 3 5 5
