-1706.6 10138.3 -676.7 275 0 30.7 20.3 12.5 0.0 0 0 5 4 4
-1726.7 10155.1 -683.6 300 0 15.0 26.6 7.5 0.0 0 1 3 1 1
-1944.6 11957.2 -834.2 243 0 26.7 7.5 2.5 2.5 2 0 1 4 4
-1627.1 10128.6 -675.8 314 0 14.6 32.5 10.0 0.0 0 1 4 4 4
-1687.5 10146.7 -684.4 223 0 25.4 15.2 10.0 2.5 2 0 4 0 0
-1633.7 10141.0 -681.4 45 0 14.2 27.8 12.5 2.5 2 0 5 4 4
-1923.3 11941.6 -826.8 333 0 7.5 26.7 2.5 2.5 2 1 1 0 0
-1957.9 11164.4 -762.9 19 0 22.6 18.9 10.0 2.5 2 0 4 3 3
-1964.9 11143.1 -762.2 17 0 19.9 17.3 10.0 2.5 2 0 4 5 5
-1985.1 11079.9 -760.5 18 0 16.4 14.2 5.0 2.5 2 0 2 4 4
6918.6 7819.4 -943.0 262 0 5.5 14.6 5.0 2.5 2 1 2 4 4
6566.7 6948.1 -833.0 206 0 9.8 21.4 7.5 2.5 2 1 3 4 4
6899.2 7816.8 -937.9 265 0 5.4 7.6 7.5 2.5 2 1 3 2 2
6918.1 7801.3 -944.6 347 0 6.6 17.2 2.5 0.0 0 1 1 2 2
6237.8 6689.4 -660.0 72 0 10.0 21.9 5.0 2.5 2 1 2 1 1
5741.8 8830.6 -872.5 43 0 10.1 8.4 7.5 2.5 2 0 3 5 5
6183.2 8516.3 -1041.6 73 0 6.2 15.7 7.5 2.5 2 1 3 5 5
6122.7 6675.5 -637.0 352 0 15.3 16.6 10.0 2.5 2 1 4 2 2
-1432.7 6615.3 48.5 244 0 15.2 20.1 15.0 0.0 0 1 6 1 1
-1422.5 6569.7 51.3 158 0 49.5 11.4 10.0 2.5 2 0 4 2 2
-1479.1 6612.4 52.3 241 0 21.7 53.9 12.5 2.5 2 1 5 3 3
-1800.8 6351.7 55.7 67 0 13.0 15.6 7.5 0.0 0 1 3 1 1
-1880.7 6253.0 52.5 26 0 17.7 34.2 12.5 0.0 0 1 5 5 5
-1882.8 6603.9 48.1 245 0 60.3 8.9 7.5 2.5 2 0 3 5 5
-3140.3 8184.7 -327.6 299 0 42.6 13.4 15.0 0.0 0 0 6 2 2
-789.5 4276.5 1031.4 80 0 9.8 18.0 2.5 0.0 0 1 1 3 3
-1234.4 6288.6 75.6 169 0 34.0 16.2 12.5 0.0 0 0 5 2 2
6237.1 4298.6 -778.0 336 0 20.3 11.9 5.0 2.5 2 0 2 0 0
6254.7 4263.9 -784.8 332 0 38.3 11.3 12.5 2.5 2 0 5 0 0
