6000.9 11864.7 -84.7 141 0 13.4 45.4 10.0 2.5 2 1 4 4 4
1530.8 8410.3 -58.3 287 0 9.3 54.4 10.5 3.5 2 1 3 3 3
6228.6 11662.1 -81.5 321 0 13.9 46.4 10.0 2.5 2 1 4 0 0
5990.8 11841.6 -85.1 141 0 38.9 14.0 10.0 2.5 2 0 4 0 0
1483.2 8261.8 -58.3 109 0 8.7 56.2 10.5 3.5 2 1 3 3 3
2049.3 10664.2 -72.4 266 0 14.3 75.7 12.5 2.5 2 1 5 4 4
3952.2 10282.2 -74.6 356 0 134.2 83.8 17.5 0.0 0 0 5 4 4
5861.0 8324.5 -52.9 288 0 9.2 103.4 7.5 2.5 2 1 3 0 0
6030.2 11830.1 -84.7 142 0 14.2 37.7 7.5 2.5 2 1 3 5 5
1548.9 8413.8 -58.1 288 0 9.4 28.3 10.5 3.5 2 1 3 4 4
2070.4 10420.0 -71.8 85 0 13.9 76.7 7.5 2.5 2 1 3 4 4
3721.9 11421.4 -79.1 266 0 49.7 149.4 10.0 0.0 0 1 4 1 1
6115.7 11746.9 -83.4 141 0 13.8 32.0 10.0 2.5 2 1 4 5 5
5762.9 8308.1 -63.2 199 0 103.4 17.8 10.0 0.0 0 0 4 1 1
6045.0 11811.4 -84.8 140 0 14.4 44.8 7.5 2.5 2 1 3 2 2
1581.2 8402.3 -58.0 287 0 9.1 26.5 10.5 3.5 2 1 3 3 3
5154.6 9393.8 -72.7 21 0 30.0 36.6 17.5 0.0 0 1 5 0 0
5824.8 8469.5 -62.7 288 0 18.6 102.9 10.0 0.0 0 1 4 4 4
6146.4 11710.5 -82.8 140 0 12.3 31.4 7.5 2.5 2 1 3 2 2
3678.9 8518.6 -68.1 269 0 13.9 71.8 10.0 2.5 2 1 4 1 1
6100.5 11853.3 -83.9 320 0 64.6 13.5 5.0 2.5 2 0 2 4 4
5058.0 10803.6 -72.9 354 0 23.4 47.9 14.0 3.5 2 1 4 3 3
6272.4 11549.0 -79.4 139 0 12.7 37.4 7.5 2.5 2 1 3 1 1
5027.2 6790.7 -45.6 315 0 26.3 77.8 12.5 0.0 0 1 5 5 5
6160.4 11694.2 -82.5 141 0 12.7 30.6 10.0 2.5 2 1 4 5 5
4962.8 9247.9 -69.9 291 0 36.6 68.9 17.5 0.0 0 1 5 0 0
4465.4 9210.6 -72.1 27 0 54.4 14.0 17.5 3.5 2 0 5 4 4
2121.0 9259.2 -64.6 283 0 121.0 13.7 17.5 0.0 0 0 5 2 2
6822.7 10294.3 -35.7 264 0 12.0 30.7 7.5 2.5 2 1 3 0 0
6271.6 11608.8 -80.3 321 0 12.7 30.7 10.0 2.5 2 1 4 4 4
4686.5 8377.3 -71.7 123 0 11.3 58.0 7.5 2.5 2 1 3 4 4
4714.7 10904.3 -80.5 170 0 38.3 65.4 14.0 0.0 0 1 4 4 4
4882.6 10938.5 -75.7 263 0 48.8 22.5 14.0 3.5 2 0 4 4 4
5047.8 10906.5 -71.6 355 0 21.7 49.0 14.0 3.5 2 1 4 4 4
4864.2 9378.1 -71.9 109 0 31.0 50.0 17.5 0.0 0 1 5 0 0
4613.0 9115.5 -71.2 297 0 21.6 80.2 10.0 0.0 0 1 4 3 3
6141.5 11621.7 -82.3 141 0 13.2 24.3 10.0 2.5 2 1 4 3 3
4756.5 8909.6 -72.4 31 0 45.1 58.0 14.0 0.0 0 1 4 0 0
4549.0 10389.7 -77.2 265 0 121.7 21.9 14.0 0.0 0 0 4 5 5
4917.1 10860.6 -75.0 353 0 23.5 50.0 14.0 3.5 2 1 4 3 3
5062.8 10769.2 -73.6 354 0 23.6 49.3 14.0 3.5 2 1 4 2 2
4787.5 9396.1 -72.2 109 0 20.0 72.3 17.5 3.5 2 1 5 2 2
4341.1 11169.0 -79.4 355 0 60.6 32.9 7.5 0.0 0 0 3 5 5
5056.7 9079.1 -70.7 109 0 30.9 134.3 17.5 0.0 0 1 5 0 0
4427.3 10694.3 -77.9 84 0 131.2 51.4 17.5 0.0 0 0 5 2 2
5047.4 10688.4 -74.8 85 0 48.4 22.1 14.0 3.5 2 0 4 0 0
5954.3 11994.2 -85.3 321 0 13.0 23.5 10.0 2.5 2 1 4 2 2
6173.2 11560.8 -81.4 142 0 13.5 31.2 12.5 2.5 4 1 5 1 1
4240.1 11129.1 -79.1 84 0 32.5 60.5 7.5 0.0 0 1 3 5 5
1283.8 8569.4 -58.5 174 0 56.1 21.4 14.0 3.5 2 0 4 5 5
4215.2 10758.8 -77.3 174 0 51.3 130.9 17.5 0.0 0 1 5 5 5
2829.0 7061.3 -62.5 8 0 13.1 61.3 12.5 2.5 2 1 5 0 0
-4345.0 9659.1 -47.7 240 0 23.8 76.0 14.0 0.0 0 1 4 4 4
3629.7 10602.8 -75.5 174 0 17.6 85.2 12.5 2.5 2 1 5 5 5
4163.0 11405.9 -80.6 175 0 120.1 32.4 7.5 0.0 0 0 3 2 2
1518.0 9116.6 -65.3 1 0 40.7 40.6 14.0 0.0 0 0 4 1 1
4309.4 10953.0 -78.2 355 0 59.4 51.7 10.0 0.0 0 0 4 0 0
3998.0 10046.7 -73.8 80 0 51.3 97.8 17.5 0.0 0 1 5 2 2
-4372.4 9515.6 -47.4 328 0 90.8 74.4 10.5 0.0 0 0 3 4 4
3738.3 10332.9 -74.6 355 0 98.1 67.3 17.5 0.0 0 0 5 2 2
6843.3 10408.1 -36.8 249 0 13.0 112.3 12.5 0.0 0 1 5 5 5
3862.3 10053.8 -73.2 86 0 42.6 50.4 17.5 0.0 0 1 5 1 1
1571.0 8353.5 -58.1 18 0 26.6 8.8 10.5 3.5 2 0 3 5 5
5897.6 12003.5 -85.5 319 0 13.5 16.3 10.0 2.5 2 1 4 3 3
1502.2 8266.8 -58.3 109 0 9.8 45.9 10.5 3.5 2 1 3 5 5
5095.2 9370.4 -72.3 20 0 30.8 73.2 17.5 0.0 0 1 5 3 3
5987.6 11881.2 -84.6 141 0 14.1 47.4 12.5 2.5 4 1 5 5 5
540.3 10381.1 -61.9 80 0 19.0 38.9 7.5 2.5 2 1 3 1 1
6214.4 11680.1 -81.7 321 0 13.6 39.5 5.0 2.5 2 1 2 1 1
6232.3 11698.0 -81.9 322 0 60.2 15.0 12.5 2.5 4 0 5 0 0
1535.4 8255.6 -58.3 108 0 8.8 45.2 10.5 3.5 2 1 3 5 5
5026.7 9294.4 -71.1 111 0 71.6 29.4 17.5 0.0 0 0 5 3 3
6015.3 11847.4 -84.7 141 0 13.4 39.1 10.0 2.5 2 1 4 0 0
1501.0 8348.7 -58.3 198 0 8.9 48.5 10.5 0.0 0 1 3 2 2
2140.4 10651.8 -72.4 355 0 40.8 25.3 10.0 0.0 0 0 4 1 1
6243.4 11644.4 -81.4 321 0 13.5 54.7 10.0 0.0 0 1 4 0 0
6305.8 11533.3 -79.1 52 0 32.9 15.0 7.5 2.5 2 0 3 1 1
5565.8 5548.9 -24.6 6 0 71.7 15.6 10.0 2.5 2 0 4 0 0
5985.2 11982.7 -84.7 229 0 14.2 63.2 10.0 2.5 2 1 4 2 2
4669.2 10335.4 -77.2 355 0 126.4 29.4 14.0 0.0 0 0 4 2 2
5857.3 8454.2 -57.6 287 0 9.7 98.8 7.5 2.5 2 1 3 4 4
6084.8 11781.0 -84.1 143 0 11.9 34.5 7.5 2.5 2 1 3 3 3
2063.6 10542.2 -72.5 355 0 56.0 13.1 15.0 2.5 2 0 6 4 4
5160.7 9196.9 -72.0 290 0 59.2 133.6 17.5 0.0 0 1 5 3 3
6209.5 11589.0 -80.9 140 0 12.7 22.7 7.5 2.5 2 1 3 2 2
6097.5 11759.6 -83.7 141 0 13.4 39.0 7.5 2.5 2 1 3 0 0
5794.1 8239.9 -58.6 109 0 17.0 105.3 17.5 0.0 0 1 7 5 5
2111.7 10423.8 -71.9 85 0 13.4 75.4 10.0 2.5 2 1 4 1 1
4946.3 9358.0 -71.8 114 0 20.4 37.4 17.5 0.0 0 1 5 2 2
6227.4 11543.9 -80.3 142 0 14.2 39.0 7.5 2.5 2 1 3 2 2
6132.4 11731.4 -83.1 143 0 12.7 28.8 10.0 2.5 2 1 4 0 0
3676.5 8381.7 -67.4 88 0 12.7 50.7 10.0 2.5 2 1 4 5 5
1568.6 8991.4 -64.2 2 0 28.7 72.5 14.0 0.0 0 1 4 2 2
4961.6 9313.5 -71.7 114 0 21.2 75.1 17.5 3.5 2 1 5 2 2
6117.9 11659.3 -82.7 141 0 13.6 39.0 10.0 0.0 0 1 4 0 0
4760.3 8395.2 -71.9 301 0 12.8 55.5 7.5 2.5 2 1 3 2 2
4914.0 10673.5 -75.9 85 0 50.0 22.4 14.0 0.0 0 0 4 3 3
2775.7 7168.1 -61.7 268 0 13.8 80.6 10.0 2.5 2 1 4 3 3
5054.0 10837.9 -72.2 353 0 21.4 47.5 14.0 3.5 2 1 4 5 5
4465.3 9306.9 -71.7 207 0 24.7 13.3 17.5 3.5 2 0 5 3 3
6286.3 11591.7 -79.8 320 0 13.1 31.6 7.5 2.5 2 1 3 3 3
4995.1 9135.2 -68.8 19 0 24.2 88.7 17.5 0.0 0 1 5 2 2
4553.8 9099.9 -71.3 206 0 79.3 21.5 10.0 0.0 0 0 4 1 1
6870.0 10194.1 -36.8 70 0 13.6 89.7 12.5 2.5 4 1 5 3 3
6128.4 11640.5 -82.5 141 0 13.6 39.9 12.5 2.5 2 1 5 5 5
4912.3 10894.0 -75.4 354 0 22.9 49.0 14.0 3.5 2 1 4 3 3
4758.6 9406.0 -72.2 110 0 19.4 70.9 17.5 3.5 2 1 5 2 2
6151.4 11598.8 -82.1 141 0 13.3 38.0 10.0 2.5 2 1 4 4 4
4627.9 10739.5 -78.9 355 0 47.6 120.5 17.5 0.0 0 1 5 2 2
5923.4 11934.2 -85.6 141 0 14.5 62.3 10.0 2.5 2 1 4 0 0
4710.3 9262.1 -70.2 113 0 72.8 75.7 14.0 0.0 0 1 4 5 5
1496.2 8335.7 -58.4 198 0 7.3 48.8 10.5 3.5 2 1 3 3 3
4221.4 10699.9 -77.0 175 0 51.3 129.8 17.5 0.0 0 1 5 0 0
-4364.6 9792.9 -48.4 149 0 66.2 17.9 10.0 2.5 2 0 4 3 3
5925.3 12005.9 -85.2 232 0 30.6 13.6 12.5 2.5 2 0 5 4 4
6056.7 11909.2 -84.1 321 0 57.0 15.7 7.5 2.5 4 0 3 1 1
1529.7 8367.3 -58.2 198 0 26.5 8.5 10.5 3.5 2 0 3 4 4
3960.3 10188.5 -73.7 356 0 41.1 84.0 17.5 0.0 0 1 5 2 2
-4275.7 9611.0 -47.4 58 0 21.0 69.1 14.0 3.5 2 1 4 2 2
6048.1 11783.9 -85.1 49 0 13.0 57.7 10.0 2.5 2 1 4 0 0
1566.0 8407.5 -58.1 287 0 8.6 27.4 10.5 3.5 4 1 3 0 0
3750.6 11079.9 -78.4 85 0 47.8 165.4 12.5 0.0 0 1 5 2 2
5906.6 11955.8 -85.9 141 0 13.3 30.0 7.5 2.5 2 1 3 5 5
6057.9 11796.2 -84.7 141 0 13.2 46.3 7.5 2.5 2 1 3 2 2
5140.6 9356.3 -72.2 22 0 29.3 37.3 17.5 0.0 0 1 5 2 2
5016.6 7195.5 -66.9 42 0 39.0 21.0 12.5 0.0 0 0 5 3 3
1555.3 8358.9 -58.2 17 0 26.4 8.7 10.5 3.5 2 0 3 4 4
5079.4 9434.1 -72.9 291 0 72.4 29.1 17.5 0.0 0 0 5 5 5
6144.4 11800.3 -83.9 322 0 56.5 14.2 10.0 2.5 2 0 4 3 3
4707.1 8360.7 -71.7 121 0 11.6 57.4 7.5 2.5 2 1 3 1 1
6188.7 11746.4 -82.7 321 0 55.8 14.6 7.5 2.5 2 0 3 5 5
1516.8 8261.7 -58.3 109 0 9.3 45.4 10.5 0.0 0 1 3 3 3
5051.7 10871.8 -71.6 355 0 21.7 49.6 14.0 3.5 2 1 4 2 2
5080.5 9333.8 -71.7 20 0 29.3 72.9 17.5 0.0 0 1 5 3 3
2005.3 10568.2 -72.2 266 0 37.5 59.5 5.0 0.0 0 1 2 0 0
4733.9 8500.7 -71.8 303 0 10.8 102.2 7.5 2.5 2 1 3 5 5
4723.8 10851.2 -79.8 171 0 37.0 64.9 14.0 0.0 0 1 4 2 2
6275.6 11642.2 -80.5 322 0 56.1 14.6 7.5 2.5 2 0 3 4 4
5041.9 10949.9 -72.6 355 0 36.4 49.2 14.0 0.0 0 1 4 3 3
5533.6 5478.4 -24.3 185 0 7.0 16.0 7.5 2.5 2 1 3 2 2
2097.6 10592.5 -72.6 85 0 14.3 76.3 15.0 2.5 2 1 6 5 5
5028.6 9135.3 -69.4 109 0 31.2 59.1 17.5 0.0 0 1 5 0 0
6321.4 11574.0 -79.4 52 0 14.1 41.8 10.0 2.5 4 1 4 0 0
5018.3 10729.8 -74.1 173 0 22.4 47.9 14.0 3.5 2 1 4 5 5
6166.1 11581.7 -81.6 141 0 12.1 31.1 10.0 2.5 2 1 4 5 5
4284.1 11132.9 -79.2 84 0 32.8 60.5 7.5 0.0 0 1 3 3 3
6256.6 11627.6 -80.8 320 0 14.0 30.9 10.0 2.5 2 1 4 2 2
3705.5 10714.0 -75.7 263 0 18.3 80.1 7.5 2.5 2 1 3 4 4
5186.5 9053.5 -72.6 19 0 76.8 32.4 17.5 0.0 0 0 5 5 5
4223.4 11272.5 -79.8 355 0 35.9 15.2 7.5 0.0 0 0 3 5 5
6224.9 11570.5 -80.4 140 0 13.7 24.2 7.5 2.5 2 1 3 1 1
1702.2 9165.9 -66.3 90 0 42.8 42.4 14.0 0.0 0 0 4 0 0
2830.5 7180.7 -62.7 268 0 12.9 96.1 7.5 2.5 2 1 3 1 1
3618.6 10370.6 -74.9 265 0 49.2 98.9 17.5 0.0 0 1 5 4 4
4959.5 9418.1 -72.3 203 0 16.8 52.6 17.5 3.5 2 1 5 5 5
4216.6 11469.9 -80.7 265 0 33.0 121.0 10.0 0.0 0 1 4 3 3
6236.3 11522.1 -80.0 142 0 13.7 39.0 7.5 2.5 2 1 3 0 0
6900.4 10206.0 -37.5 70 0 13.8 89.0 12.5 2.5 2 1 5 1 1
3919.5 10056.5 -73.5 86 0 47.7 86.1 17.5 0.0 0 1 5 0 0
4037.5 10145.6 -74.1 261 0 35.4 92.2 17.5 0.0 0 1 5 1 1
4931.8 10738.6 -75.3 355 0 56.5 49.8 14.0 0.0 0 0 4 5 5
2801.1 7172.1 -62.1 268 0 13.6 71.7 7.5 2.5 2 1 3 2 2
3796.7 10293.0 -74.9 176 0 264.6 44.3 17.5 0.0 0 0 5 2 2
5011.1 9229.5 -69.8 291 0 36.4 68.7 17.5 0.0 0 1 5 3 3
6912.9 10313.9 -37.3 69 0 14.1 104.7 10.0 2.5 2 1 4 4 4
3837.5 10125.4 -73.3 177 0 26.1 43.0 17.5 0.0 0 1 5 0 0
4875.5 10784.7 -74.1 174 0 23.1 48.9 14.0 3.5 2 1 4 4 4
5911.6 11986.0 -85.8 319 0 13.6 16.3 2.5 2.5 2 1 1 1 1
5973.3 11899.1 -84.9 140 0 14.2 45.3 10.0 2.5 2 1 4 5 5
519.2 10446.8 -62.5 170 0 32.3 18.7 12.5 0.0 0 0 5 3 3
6198.8 11696.6 -82.2 320 0 14.3 31.1 7.5 2.5 2 1 3 2 2
-230.8 477.0 39.4 196 0 9.1 28.4 7.5 0.0 0 1 3 2 2
-212.0 351.8 38.9 336 0 16.6 24.6 15.0 0.0 0 1 6 3 3
-403.3 429.6 52.7 274 0 14.6 20.3 12.5 0.0 0 1 5 0 0
-193.7 289.6 40.5 16 0 24.5 10.7 10.0 2.5 2 0 4 4 4
-360.2 311.3 55.4 349 0 15.9 9.8 5.0 2.5 2 0 2 1 1
-2001.5 2784.9 -9.6 221 0 10.4 20.1 5.0 2.5 2 1 2 4 4
-401.2 81.5 37.7 36 0 21.5 12.3 7.5 2.5 2 0 3 2 2
-2180.9 2735.9 -3.1 222 0 12.2 19.8 2.5 2.5 2 1 1 3 3
-2143.0 2755.6 -10.1 235 0 10.0 17.1 7.5 2.5 2 1 3 2 2
-592.0 2381.5 -23.4 36 0 22.7 15.8 14.0 3.5 2 0 4 5 5
-814.7 2368.4 -10.7 284 0 12.0 15.5 5.0 0.0 0 1 2 2 2
-2691.5 2369.9 5.3 350 0 13.1 27.5 12.5 2.5 4 1 5 1 1
-73.6 2427.6 -14.9 196 0 14.3 21.6 14.0 3.5 2 1 4 0 0
-4131.3 953.0 70.5 190 0 15.4 7.0 5.0 2.5 2 0 2 0 0
-333.5 1699.1 22.3 169 0 9.4 13.8 7.5 2.5 2 1 3 5 5
-76.1 2893.8 -24.4 175 0 9.8 4.6 10.5 3.5 2 0 3 1 1
-4065.0 1179.3 59.4 31 0 11.4 8.7 7.5 2.5 2 0 3 3 3
-125.7 2748.5 -25.7 183 0 28.6 8.2 10.5 3.5 2 0 3 4 4
-523.4 1746.8 17.5 329 0 11.2 16.5 5.0 0.0 0 1 2 3 3
-938.3 1894.4 7.3 49 0 7.0 17.0 7.5 2.5 2 1 3 4 4
-76.8 2868.1 -25.1 176 0 17.2 4.7 10.5 3.5 2 0 3 0 0
-967.0 1879.4 10.5 58 0 5.6 10.6 2.5 2.5 2 1 1 2 2
-97.3 2564.2 -20.0 17 0 17.2 6.6 10.5 3.5 2 0 3 2 2
-40.2 2412.7 -12.9 309 0 18.4 6.9 10.5 3.5 2 0 3 5 5
-612.5 3709.2 -18.7 99 0 12.9 7.9 10.5 3.5 2 0 3 3 3
-2708.0 2594.5 -8.0 165 0 6.0 10.9 7.5 2.5 2 1 3 1 1
-2681.7 2563.1 -4.2 167 0 13.7 7.7 5.0 2.5 2 0 2 4 4
-4077.1 1071.7 56.7 259 0 6.8 12.3 7.5 2.5 2 1 3 2 2
-99.6 2458.9 -17.9 330 0 28.8 9.2 10.5 3.5 2 0 3 5 5
-2740.0 2418.2 6.9 275 0 11.2 6.7 7.5 2.5 2 0 3 3 3
-1076.7 1865.3 17.9 128 0 10.1 4.8 2.5 2.5 2 0 1 1 1
-307.2 2214.0 -4.3 316 0 21.0 13.0 12.5 0.0 0 0 5 0 0
-1960.4 2554.5 -8.2 254 0 9.4 20.5 5.0 2.5 4 1 2 1 1
-175.0 2596.5 -25.1 62 0 23.2 12.3 12.5 2.5 2 0 5 0 0
-2527.9 2216.0 18.1 183 0 6.5 20.9 7.5 2.5 4 1 3 3 3
-113.2 2488.4 -18.5 353 0 18.4 8.0 10.5 3.5 2 0 3 1 1
-4083.6 1470.5 41.9 186 0 7.6 19.2 5.0 2.5 2 1 2 5 5
-2684.1 2403.8 2.2 188 0 12.2 10.2 7.5 2.5 4 0 3 3 3
-104.1 2539.2 -18.7 17 0 12.6 10.0 14.0 3.5 4 0 4 0 0
-4123.7 943.3 70.6 163 0 10.0 16.5 7.5 2.5 2 1 3 5 5
-2707.7 2405.3 4.4 3 0 12.9 17.0 7.5 2.5 2 1 3 2 2
-2669.5 3004.3 28.4 252 0 15.5 13.3 5.0 2.5 2 0 2 5 5
-419.9 2376.3 -1.4 236 0 10.3 17.5 5.0 2.5 2 1 2 2 2
-675.6 2848.5 -12.4 283 0 10.0 9.9 7.5 2.5 2 0 3 5 5
-2461.1 2848.1 5.7 121 0 6.8 17.1 7.5 2.5 2 1 3 0 0
-1706.1 1875.3 12.1 257 0 15.1 14.6 2.5 2.5 2 0 1 4 4
-1765.6 1847.6 11.4 138 0 14.1 27.9 10.0 2.5 2 1 4 4 4
-112.2 2703.7 -20.1 355 0 6.7 20.5 10.5 3.5 2 1 3 2 2
-598.4 3743.9 -21.1 261 0 17.0 20.3 10.5 3.5 2 1 3 2 2
-2725.0 2260.7 14.5 173 0 14.6 13.8 7.5 2.5 2 0 3 1 1
-4782.0 3698.8 -12.6 302 0 4.8 14.3 5.0 2.5 2 1 2 5 5
-5191.5 3262.8 8.4 6 0 7.0 17.8 2.5 2.5 2 1 1 5 5
-4856.0 3543.8 6.9 79 0 6.3 28.2 5.0 2.5 2 1 2 5 5
-5155.3 3294.8 6.0 352 0 8.4 25.2 7.5 2.5 2 1 3 5 5
-4747.4 3666.7 -8.7 64 0 32.3 8.6 7.5 0.0 0 0 3 1 1
1646.1 -8399.7 -9.9 176 0 9.8 23.7 7.5 2.5 2 1 3 2 2
1755.2 -8426.1 -9.7 20 0 7.8 21.4 5.0 2.5 2 1 2 4 4
-3744.7 -9112.0 39.2 216 0 9.4 18.4 2.5 2.5 2 1 1 1 1
2144.5 10432.4 -71.6 81 0 18.0 33.5 7.5 0.0 0 1 3 0 0
1878.1 10448.2 -71.6 175 0 60.1 21.9 10.0 2.5 2 0 4 1 1
1887.9 10552.6 -72.0 265 0 33.6 47.4 12.5 0.0 0 1 5 1 1
