361.0 -6361.7 -4.8 191 0 48.5 24.6 10.0 0.0 0 0 4 2 2
346.1 -6438.0 -4.8 191 0 92.1 19.7 7.5 0.0 0 0 3 1 1
402.0 -6217.6 -4.7 281 0 26.7 110.4 10.0 0.0 0 1 4 1 1
399.4 -6610.0 -5.9 109 0 28.5 16.7 10.0 2.5 2 0 4 5 5
352.0 -6592.7 -5.8 110 0 42.3 18.3 7.5 2.5 2 0 3 4 4
481.9 -6605.3 -4.9 59 0 15.5 48.1 10.0 2.5 2 1 4 4 4
427.8 -6594.6 -5.6 72 0 17.1 61.7 12.5 2.5 2 1 5 2 2
555.4 -6343.2 -3.8 11 0 177.8 61.8 7.5 0.0 0 0 3 5 5
329.5 -6512.6 -5.0 192 0 51.7 16.0 7.5 2.5 4 0 3 4 4
419.1 -6482.4 -4.7 1 0 90.1 18.5 10.0 2.5 2 0 4 3 3
-4322.4 -6383.6 -2.2 114 0 26.7 24.9 10.0 0.0 0 0 4 4 4
-4208.6 -6321.4 -2.8 111 0 29.2 25.2 15.0 0.0 0 0 6 3 3
2082.3 -4628.5 -2.7 78 0 189.8 308.0 17.5 0.0 0 1 5 2 2
-1901.5 -2868.7 -3.1 90 0 64.8 40.8 17.5 0.0 0 0 5 1 1
-1903.7 -2709.7 -2.4 270 0 64.8 40.8 17.5 0.0 0 0 5 1 1
