-930.1 6113.8 -453.3 136 0 94.0 69.7 7.5 0.0 0 0 3 0 0
1083.9 3702.7 -419.8 271 0 17.0 77.1 14.0 3.5 2 1 4 5 5
1107.2 3702.9 -419.2 271 0 17.5 75.7 14.0 3.5 2 1 4 0 0
1178.8 3686.6 -416.1 267 0 6.8 8.7 10.5 3.5 2 1 3 0 0
1206.2 3712.9 -416.8 270 0 19.9 80.3 14.0 3.5 2 1 4 1 1
1228.4 3712.1 -416.2 269 0 16.3 78.5 14.0 3.5 2 1 4 1 1
1092.9 4010.5 -416.7 181 0 82.7 77.0 14.0 0.0 0 0 4 0 0
1168.6 3941.4 -415.4 1 0 56.5 33.6 14.0 0.0 0 0 4 4 4
1375.4 3503.6 -412.1 269 0 47.7 50.3 15.0 0.0 0 1 6 1 1
1353.3 3564.0 -408.7 179 0 80.2 46.2 12.5 0.0 0 0 5 1 1
1416.4 3748.0 -374.1 358 0 8.4 8.6 2.5 2.5 2 1 1 1 1
1242.5 3443.2 -417.4 124 0 58.6 25.3 10.5 3.5 2 0 3 3 3
1320.8 3396.7 -416.4 109 0 12.0 8.8 7.5 2.5 2 0 3 5 5
971.6 3779.6 -421.4 107 0 12.3 59.4 14.0 3.5 4 1 4 0 0
1295.0 3912.8 -403.9 137 0 63.6 25.3 10.5 0.0 0 0 3 4 4
1334.9 3888.6 -395.7 226 0 23.1 82.5 14.0 0.0 0 1 4 1 1
1332.6 3955.5 -389.9 228 0 19.5 58.3 14.0 3.5 2 1 4 3 3
1327.9 3960.4 -396.0 48 0 21.7 51.2 14.0 3.5 2 1 4 5 5
1361.6 3979.6 -383.1 124 0 63.3 21.4 14.0 3.5 2 0 4 2 2
1042.8 4062.2 -421.9 90 0 81.9 65.1 14.0 0.0 0 0 4 2 2
976.0 4146.5 -424.6 271 0 40.1 58.2 14.0 0.0 0 1 4 1 1
1444.2 3495.6 -398.3 2 0 16.7 23.0 15.0 0.0 0 0 6 4 4
1446.1 3477.3 -398.8 348 0 18.6 24.0 12.5 2.5 2 0 5 4 4
1453.9 3441.7 -398.9 356 0 14.8 24.3 12.5 2.5 2 1 5 5 5
1457.6 3423.1 -398.8 342 0 17.9 23.4 10.0 2.5 2 1 4 5 5
1467.9 3445.7 -392.5 175 0 18.6 15.0 12.5 2.5 4 0 5 0 0
1466.4 3467.4 -391.7 174 0 15.6 14.5 5.0 2.5 2 0 2 1 1
1513.3 3423.6 -388.0 338 0 16.9 12.4 5.0 2.5 2 0 2 2 2
1517.3 3460.4 -383.7 160 0 19.0 14.1 10.0 2.5 2 0 4 0 0
1511.3 3482.6 -383.8 174 0 16.8 14.1 2.5 2.5 2 0 1 4 4
1333.2 3678.9 -408.7 48 0 25.7 25.2 10.0 0.0 0 0 4 0 0
1340.0 3650.4 -407.8 137 0 29.7 19.8 10.0 2.5 2 0 4 2 2
1111.8 3736.4 -416.7 357 0 15.8 11.3 14.0 3.5 2 0 4 4 4
955.0 4060.6 -424.9 359 0 21.7 4.8 10.5 3.5 4 0 3 5 5
1033.4 3838.7 -420.8 89 0 52.9 16.0 14.0 3.5 2 0 4 3 3
1569.5 3432.1 -376.6 180 0 18.9 21.5 10.0 2.5 2 1 4 3 3
1571.7 3457.9 -375.0 155 0 14.7 19.6 7.5 0.0 0 1 3 5 5
-3112.4 7145.1 -317.1 63 0 9.8 55.7 7.5 2.5 2 1 3 1 1
-2398.5 6990.6 -360.6 17 0 14.9 51.5 10.0 2.5 2 1 4 0 0
-3071.1 7262.3 -316.4 261 0 11.9 73.7 12.5 2.5 2 1 5 4 4
-3044.3 7230.2 -315.8 350 0 73.6 12.7 12.5 2.5 2 0 5 5 5
-3098.8 7147.7 -315.1 63 0 12.0 57.1 12.5 0.0 0 1 5 5 5
-2376.7 7002.2 -366.0 18 0 14.2 68.0 12.5 2.5 2 1 5 1 1
-3085.6 7260.4 -319.4 261 0 12.2 74.2 12.5 2.5 2 1 5 0 0
-1270.1 9841.7 273.1 142 0 17.6 12.7 7.5 2.5 2 0 3 5 5
-522.7 9395.9 7.0 240 0 19.9 24.3 12.5 2.5 2 1 5 2 2
-1161.1 10226.1 150.4 104 0 16.0 9.1 5.0 2.5 2 0 2 5 5
-2007.9 10420.1 441.5 226 0 12.1 38.7 10.0 2.5 2 1 4 4 4
509.0 9707.5 -26.3 219 0 25.6 15.5 10.0 2.5 4 0 4 0 0
399.4 9432.4 9.9 210 0 27.6 16.0 15.0 0.0 0 0 6 4 4
1835.2 11181.1 -420.6 328 0 10.3 31.8 10.0 0.0 0 1 4 0 0
1906.4 3282.8 -324.6 144 0 48.3 24.9 12.5 0.0 0 0 5 2 2
1942.7 3325.9 -317.0 14 0 21.9 26.2 12.5 2.5 4 1 5 4 4
1847.9 3685.4 -317.7 8 0 22.6 14.4 10.0 0.0 0 0 4 3 3
1882.1 3678.0 -308.3 302 0 12.1 26.5 10.0 2.5 4 1 4 5 5
2629.7 4249.4 -59.6 41 0 23.2 23.6 10.0 2.5 2 1 4 2 2
3316.0 4049.4 49.5 136 0 11.9 6.6 5.0 2.5 2 0 2 0 0
1481.7 4395.6 -290.3 358 0 20.4 10.3 7.5 2.5 2 0 3 4 4
4053.4 3503.2 -6.7 153 0 10.7 26.5 10.0 2.5 2 1 4 5 5
4042.6 3524.8 -2.8 145 0 13.7 25.1 10.0 2.5 4 1 4 2 2
2155.6 -2054.5 -95.1 332 0 7.6 19.9 5.0 0.0 0 1 2 0 0
1909.3 -2067.6 -49.7 70 0 19.5 6.9 2.5 2.5 2 0 1 3 3
1832.2 -1974.2 -20.4 60 0 16.5 9.9 5.0 2.5 2 0 2 3 3
2286.3 -1729.4 -46.1 250 0 17.3 17.8 10.0 2.5 2 1 4 0 0
2269.5 -1704.4 -30.6 36 0 17.6 15.5 17.5 0.0 0 0 7 3 3
23.1 2794.4 -327.2 358 0 9.1 13.6 5.0 2.5 2 1 2 2 2
-1625.0 802.5 70.3 334 0 16.7 9.5 7.5 2.5 2 0 3 5 5
-1638.7 825.5 64.0 322 0 17.3 14.6 2.5 2.5 2 0 1 3 3
-1625.0 802.5 70.3 334 0 16.7 9.5 7.5 2.5 4 0 3 5 5
-1638.7 825.5 64.0 322 0 17.3 14.6 2.5 2.5 2 0 1 1 1
-4888.4 3679.2 -110.4 25 0 16.4 16.8 15.0 0.0 0 1 6 3 3
-6561.2 5900.3 -227.6 168 0 10.0 26.8 10.5 3.5 2 1 3 1 1
