-804.2 -8090.8 -72.6 325 0 52.0 24.8 7.5 2.5 2 0 3 0 0
-5460.6 11824.2 -94.5 324 0 29.7 78.5 12.5 0.0 0 1 5 1 1
-5434.4 10504.2 -81.8 68 0 60.0 10.8 5.0 2.5 2 0 2 0 0
-5507.9 10752.1 -85.1 249 0 32.0 12.0 10.0 2.5 2 0 4 0 0
-5531.1 10693.0 -84.8 159 0 11.2 79.5 10.0 2.5 2 1 4 2 2
-2717.7 -2552.4 -77.8 311 0 14.0 55.7 7.5 2.5 2 1 3 0 0
-5543.6 10663.0 -84.6 158 0 12.5 106.5 12.5 2.5 2 1 5 4 4
-5515.2 10624.4 -83.7 157 0 10.9 64.4 12.5 2.5 2 1 5 1 1
-6926.6 10256.5 -87.7 159 0 127.5 14.4 7.5 0.0 0 0 3 2 2
-5498.1 10582.7 -83.3 158 0 11.3 83.2 12.5 2.5 2 1 5 5 5
-5553.8 11888.7 -94.2 234 0 72.1 19.8 10.0 2.5 4 0 4 3 3
-5481.0 10539.8 -82.6 157 0 10.9 72.7 10.0 2.5 2 1 4 1 1
-5473.1 10519.7 -82.3 158 0 11.5 72.5 10.0 2.5 2 1 4 4 4
-5490.1 11863.4 -94.5 324 0 19.7 78.2 10.0 2.5 2 1 4 1 1
-804.3 -8341.9 -72.4 235 0 70.9 19.7 7.5 2.5 2 0 3 5 5
-5429.9 11782.9 -94.0 324 0 28.8 78.4 7.5 0.0 0 1 3 4 4
-5528.6 10719.0 -85.0 159 0 12.3 55.2 7.5 2.5 2 1 3 4 4
-2775.9 -2602.9 -77.7 232 0 33.4 14.6 10.0 2.5 2 0 4 3 3
-2726.2 -2616.4 -77.7 42 0 84.6 15.5 7.5 2.5 2 0 3 1 1
-5545.4 10637.4 -84.3 158 0 11.8 118.2 12.5 2.5 2 1 5 3 3
-5422.1 10638.9 -83.7 337 0 11.0 91.1 12.5 2.5 2 1 5 3 3
-5489.1 10561.4 -82.9 157 0 11.0 74.6 12.5 0.0 0 1 5 1 1
-2807.0 -2638.3 -77.8 131 0 86.0 14.2 7.5 2.5 2 0 3 0 0
-5611.9 12020.6 -93.5 272 0 59.7 22.8 10.0 2.5 2 0 4 0 0
-2585.6 -10464.9 72.1 234 0 10.2 12.9 5.0 0.0 0 1 2 5 5
-1187.3 -9355.4 32.4 282 0 5.9 18.4 7.5 2.5 2 1 3 3 3
