-2655.7 -7523.0 40.0 229 0 7.1 12.9 7.5 2.5 2 1 3 0 0
-4098.9 -7030.0 -33.9 162 0 7.6 7.1 7.5 2.5 2 0 3 0 0
-4001.3 -7099.4 -34.6 326 0 7.3 6.2 5.0 2.5 2 0 2 3 3
-3802.6 -7603.4 -16.3 319 0 10.7 5.8 2.5 0.0 0 0 1 5 5
-3878.4 -7274.8 -29.0 210 0 8.0 7.5 5.0 2.5 2 0 2 2 2
-2600.4 -4373.2 32.0 61 0 10.4 7.0 7.5 2.5 2 0 3 0 0
-2316.8 -4143.3 40.2 137 0 5.7 11.5 2.5 2.5 2 1 1 1 1
-2477.8 -4292.4 33.4 141 0 7.0 10.6 7.5 2.5 2 1 3 1 1
-2552.8 -4354.7 34.0 62 0 5.3 12.7 5.0 2.5 2 1 2 1 1
-2546.5 -4329.8 37.0 325 0 6.2 15.3 5.0 2.5 2 1 2 4 4
-3967.2 -4946.0 -27.1 253 0 6.7 14.0 7.5 0.0 0 1 3 3 3
-3972.7 -4969.8 -27.8 153 0 6.7 10.9 5.0 2.5 2 1 2 1 1
-3928.4 -4916.2 -24.9 339 0 6.6 13.8 5.0 2.5 2 1 2 3 3
-3770.4 -5236.1 8.6 97 0 12.4 6.2 7.5 2.5 2 0 3 1 1
-3765.9 -5208.6 4.9 293 0 13.3 6.0 2.5 0.0 0 0 1 2 2
-3878.2 -5168.5 -5.4 275 0 13.9 5.2 5.0 0.0 0 0 2 3 3
-3957.0 -5134.1 -16.7 287 0 11.9 5.5 7.5 2.5 2 0 3 1 1
-4237.6 -5125.4 -35.3 241 0 5.2 6.1 7.5 2.5 2 1 3 0 0
-4279.9 -5143.9 -35.2 236 0 6.3 7.0 7.5 2.5 2 1 3 3 3
-4583.8 -5319.1 -48.9 214 0 6.9 17.3 7.5 2.5 4 1 3 4 4
-4414.6 -5559.2 -33.0 320 0 4.5 12.3 7.5 2.5 2 1 3 0 0
-4256.6 -6662.1 -25.1 94 0 6.5 12.9 7.5 2.5 2 1 3 0 0
-4240.4 -6599.6 -24.2 7 0 9.1 7.1 7.5 2.5 2 0 3 5 5
-4129.5 -6672.4 -31.9 174 0 6.5 7.7 5.0 2.5 2 1 2 4 4
