3509.3 7003.2 -157.0 278 0 9.7 37.4 10.5 3.5 2 1 3 2 2
3522.6 6951.0 -156.2 11 0 10.1 27.6 17.5 3.5 2 1 5 1 1
3681.8 6830.4 -158.1 100 0 35.7 10.6 17.5 3.5 2 0 5 5 5
3657.1 7180.1 -160.3 283 0 9.1 24.6 10.5 0.0 0 1 3 3 3
3667.9 7067.5 -159.2 187 0 18.3 42.1 21.0 3.5 2 1 6 4 4
3595.3 7092.3 -158.3 284 0 12.0 64.6 21.0 3.5 2 1 6 5 5
3625.6 7123.9 -159.2 100 0 10.9 28.2 21.0 0.0 0 1 6 3 3
3688.9 7160.9 -160.6 282 0 17.3 34.7 21.0 0.0 0 1 6 4 4
3674.9 7095.7 -159.6 95 0 9.0 29.6 10.5 0.0 0 1 3 0 0
3602.4 7155.5 -159.4 193 0 49.6 10.2 21.0 0.0 0 0 6 0 0
3732.5 7255.3 -163.4 102 0 14.6 11.8 17.5 3.5 2 0 5 0 0
3670.0 7199.0 -161.0 280 0 30.4 11.3 21.0 0.0 0 0 6 5 5
3662.4 7275.9 -162.9 194 0 23.9 45.0 17.5 0.0 0 1 5 1 1
3644.8 7318.0 -163.0 194 0 34.3 8.8 10.5 3.5 4 0 3 4 4
3715.7 7213.4 -162.3 104 0 25.8 9.3 10.5 3.5 2 0 3 0 0
3499.2 6861.0 -154.3 104 0 26.4 12.8 17.5 3.5 2 0 5 2 2
3594.3 6270.9 -157.3 284 0 33.1 11.3 17.5 3.5 2 0 5 4 4
3662.9 7024.2 -158.5 192 0 49.5 12.0 21.0 0.0 0 0 6 4 4
3691.5 7019.2 -158.6 195 0 47.1 10.8 21.0 0.0 0 0 6 1 1
3494.2 6791.0 -154.2 17 0 24.6 10.3 17.5 3.5 2 0 5 3 3
3618.8 7068.2 -158.3 282 0 12.8 47.5 21.0 3.5 2 1 6 1 1
3375.5 6212.3 -153.0 281 0 9.5 23.7 10.5 0.0 0 1 3 0 0
3519.5 6232.7 -155.6 13 0 5.2 10.3 10.5 3.5 2 1 3 2 2
3621.3 6231.5 -157.9 287 0 11.1 38.6 17.5 0.0 0 1 5 2 2
3644.2 7026.1 -158.3 13 0 50.0 11.1 21.0 0.0 0 0 6 0 0
3748.9 7332.5 -164.9 13 0 15.3 38.8 17.5 3.5 4 1 5 2 2
3860.0 7362.7 -167.3 192 0 8.4 31.2 10.5 3.5 2 1 3 1 1
3841.5 7401.5 -166.8 12 0 40.2 10.7 17.5 3.5 2 0 5 5 5
3732.2 7306.4 -164.0 283 0 11.2 26.1 17.5 3.5 2 1 5 1 1
3798.8 7324.6 -165.9 283 0 42.5 15.6 17.5 3.5 4 0 5 5 5
3849.1 7326.2 -167.3 194 0 40.7 44.0 17.5 0.0 0 1 5 0 0
3714.6 7323.6 -164.0 283 0 9.6 37.4 10.5 3.5 2 1 3 2 2
4214.8 8912.1 -172.8 177 0 28.0 28.9 17.5 0.0 0 0 5 4 4
4136.9 8867.9 -171.0 350 0 3.5 74.3 10.5 3.5 2 1 3 3 3
4025.1 8844.6 -169.9 76 0 59.1 4.0 10.5 3.5 2 0 3 4 4
4096.9 8984.3 -166.9 89 0 11.8 30.9 17.5 3.5 4 1 5 5 5
3934.2 9271.5 -158.9 9 0 15.6 14.2 14.0 3.5 4 0 4 1 1
4161.2 9210.2 -165.5 184 0 8.7 10.2 10.5 3.5 2 0 3 1 1
4282.7 8956.5 -172.8 8 0 6.7 7.6 10.5 3.5 2 1 3 1 1
4142.0 9115.3 -166.5 183 0 19.7 16.0 14.0 3.5 2 0 4 1 1
4352.2 9029.2 -174.7 60 0 7.9 9.4 10.5 3.5 2 0 3 3 3
4143.2 9142.7 -165.6 1 0 26.8 8.9 10.5 3.5 2 0 3 0 0
4050.7 9261.3 -162.0 23 0 4.8 6.0 10.5 3.5 2 1 3 1 1
4140.8 9225.8 -164.6 269 0 12.5 11.5 14.0 3.5 2 0 4 5 5
4096.6 8866.2 -170.3 80 0 7.2 6.2 10.5 3.5 2 0 3 2 2
3910.8 9179.1 -159.1 359 0 7.3 6.1 10.5 3.5 2 0 3 3 3
4266.6 8919.7 -173.1 357 0 5.9 5.5 10.5 3.5 4 0 3 5 5
4057.1 10133.2 -139.2 181 0 14.8 14.8 14.0 3.5 2 1 4 5 5
-6123.9 5712.3 161.3 153 0 25.4 32.5 10.0 0.0 0 1 4 1 1
