704.4 -200.6 -107.0 219 0 8.0 37.9 7.5 2.5 2 1 3 2 2
697.9 -197.0 -109.9 129 0 10.0 42.5 12.5 2.5 2 1 5 0 0
725.9 -176.6 -107.7 219 0 8.3 42.0 7.5 2.5 2 1 3 1 1
792.8 -230.7 -112.6 41 0 9.1 40.9 7.5 0.0 0 1 3 0 0
770.8 -160.0 -108.5 38 0 6.6 19.2 2.5 0.0 0 1 1 3 3
3407.3 -5127.8 134.6 207 0 5.8 68.1 7.5 2.5 2 1 3 2 2
3446.1 -5117.7 124.6 307 0 43.6 6.8 7.5 2.5 2 0 3 3 3
775.7 -263.7 -111.7 134 0 11.1 28.4 15.0 0.0 0 1 6 5 5
-88.9 670.9 -137.6 3 0 7.4 35.7 7.5 0.0 0 1 3 2 2
770.2 -252.4 -108.1 37 0 9.2 38.6 7.5 2.5 2 1 3 1 1
