-5429.9 11846.9 -47.3 229 0 16.5 11.6 7.5 2.5 2 0 3 4 4
-5057.6 11337.2 25.2 335 0 12.0 32.3 14.0 3.5 2 1 4 2 2
-5107.8 11333.8 22.3 155 0 17.4 14.6 14.0 0.0 0 0 4 5 5
-5041.9 11349.1 26.7 65 0 25.3 34.2 14.0 0.0 0 1 4 2 2
-5543.3 11874.7 -46.4 129 0 32.0 22.0 10.0 0.0 0 0 4 0 0
-5379.9 11688.4 -28.5 288 0 14.4 14.2 5.0 2.5 2 0 2 2 2
-5176.2 11734.3 -51.7 22 0 27.4 23.5 14.0 0.0 0 0 4 3 3
-5218.8 11723.0 -45.4 298 0 16.0 18.7 10.5 3.5 2 0 3 1 1
-5232.5 11730.2 -45.4 298 0 14.9 17.8 10.5 3.5 2 0 3 3 3
-5246.2 11737.3 -45.2 297 0 16.0 16.4 10.5 3.5 2 0 3 0 0
-5368.1 11756.9 -40.5 141 0 9.3 18.2 10.5 3.5 2 0 3 5 5
-5375.1 11785.7 -42.0 230 0 16.4 22.0 10.5 3.5 2 0 3 5 5
-5375.6 11799.4 -43.0 321 0 21.8 16.9 10.0 2.5 2 0 4 2 2
-5336.4 11791.7 -45.1 321 0 22.7 18.6 10.0 2.5 2 0 4 4 4
-5353.0 11811.9 -46.5 321 0 29.6 16.7 10.0 2.5 2 0 4 1 1
-5373.4 11837.6 -49.1 319 0 24.8 17.3 15.0 0.0 0 0 6 4 4
-5393.6 11820.6 -44.5 319 0 24.5 17.8 10.0 2.5 2 0 4 0 0
-5421.8 11795.7 -40.9 139 0 24.0 14.2 10.0 2.5 2 0 4 5 5
-5397.9 11771.2 -39.7 139 0 37.0 12.3 12.5 2.5 2 0 5 2 2
-5486.3 11876.9 -48.1 40 0 10.2 60.8 10.0 2.5 2 1 4 5 5
