321.7 5670.4 1.9 84 0 16.1 22.6 12.5 2.5 2 1 5 5 5
-5617.3 -11783.5 -15.0 67 0 16.2 16.7 12.5 2.5 2 0 5 2 2
-5590.5 -11772.0 -13.9 67 0 42.1 10.7 7.5 2.5 2 0 3 5 5
-5643.0 -11793.5 -17.8 67 0 38.8 10.2 10.0 2.5 2 0 4 5 5
-5635.1 -11807.2 -16.9 247 0 47.2 13.1 10.0 0.0 0 0 4 5 5
-5594.9 -11795.6 -12.5 247 0 23.2 9.7 5.0 2.5 2 0 2 0 0
-5562.9 -11790.3 -11.9 290 0 13.6 24.1 12.5 2.5 2 1 5 4 4
-5579.0 -11856.5 -11.9 97 0 47.8 12.5 10.0 2.5 2 0 4 5 5
-5574.2 -11731.8 -15.9 311 0 49.4 12.1 10.0 2.5 2 0 4 1 1
-5516.8 -11782.4 -13.4 305 0 44.3 11.4 12.5 2.5 2 0 5 4 4
-5492.5 -11800.7 -12.2 306 0 11.5 50.7 10.0 2.5 2 1 4 5 5
-5485.4 -11877.0 -12.1 126 0 10.5 47.9 12.5 2.5 2 1 5 1 1
