1713.5 4878.0 -48.0 183 0 134.7 78.8 7.5 0.0 0 0 3 4 4
5318.5 5130.6 -67.2 67 0 50.5 16.8 14.0 3.5 2 0 4 0 0
5316.7 5280.8 -64.3 346 0 39.5 37.0 14.0 0.0 0 0 4 5 5
5347.4 5445.1 -61.2 153 0 61.4 83.9 10.5 0.0 0 1 3 2 2
5502.3 5474.1 -61.5 154 0 12.3 81.5 10.5 0.0 0 1 3 5 5
5660.9 5427.1 -65.4 335 0 14.7 83.5 14.0 3.5 2 1 4 4 4
5322.5 5197.6 -66.5 336 0 18.7 56.2 14.0 3.5 2 1 4 4 4
5305.4 5318.0 -63.8 345 0 21.4 77.9 14.0 0.0 0 1 4 1 1
5673.1 5395.3 -66.6 336 0 16.0 82.4 14.0 3.5 2 1 4 1 1
5240.6 5233.9 -66.0 163 0 84.5 36.7 14.0 0.0 0 0 4 2 2
5539.7 5384.3 -64.9 155 0 13.9 34.8 14.0 3.5 2 1 4 1 1
5550.3 5464.5 -62.3 65 0 80.8 14.6 10.5 3.5 2 0 3 4 4
2477.3 4158.7 -51.0 270 0 51.1 55.4 17.5 0.0 0 1 5 4 4
2623.1 4192.9 -54.6 178 0 37.3 52.0 14.0 0.0 0 1 4 0 0
3056.6 4750.2 -40.9 358 0 67.9 42.8 17.5 0.0 0 0 5 4 4
2942.9 4186.9 -53.7 358 0 67.9 42.8 10.0 0.0 0 0 4 2 2
5836.6 2827.0 -59.5 155 0 61.3 47.9 14.0 0.0 0 0 4 3 3
-251.9 8417.0 -30.7 182 0 13.1 8.1 2.5 2.5 2 0 1 0 0
394.7 4964.6 -41.1 92 0 18.6 24.0 14.0 3.5 2 1 4 0 0
-847.3 8324.3 -28.8 90 0 7.2 6.3 7.5 2.5 4 0 3 2 2
-3926.0 9637.4 0.3 90 0 15.9 17.8 12.5 2.5 4 1 5 2 2
-3892.3 8066.3 29.3 93 0 6.9 6.9 7.5 2.5 2 1 3 1 1
-4714.7 5412.3 58.8 90 0 5.9 8.2 7.5 2.5 2 1 3 0 0
-3791.1 8287.6 -15.3 180 0 25.1 14.6 10.0 2.5 2 0 4 1 1
-3793.0 8363.4 -18.7 180 0 24.5 15.8 10.0 2.5 2 0 4 4 4
-3746.4 8248.5 -12.5 299 0 32.2 16.6 10.0 2.5 2 0 4 0 0
