5643.1 10426.5 -173.8 352 0 7.8 6.7 7.5 2.5 2 0 3 1 1
5633.1 10460.7 -180.3 0 0 11.9 8.1 7.5 2.5 2 0 3 4 4
5616.5 10499.6 -183.4 4 0 8.2 6.8 5.0 2.5 2 0 2 0 0
5804.4 4962.2 -212.9 91 0 7.0 7.1 2.5 0.0 0 1 1 0 0
3329.1 7250.7 -67.8 90 0 8.1 9.4 5.0 2.5 2 1 2 5 5
4193.3 4570.2 185.9 90 0 9.3 9.3 7.5 2.5 2 1 3 3 3
2507.1 5979.3 -2.4 86 0 9.3 9.4 2.5 2.5 2 1 1 0 0
4425.3 7074.0 -118.8 270 0 9.4 10.7 7.5 2.5 2 1 3 4 4
5634.2 6366.1 62.9 90 0 10.6 8.9 5.0 2.5 2 0 2 1 1
2038.5 7517.8 203.6 86 0 15.0 11.6 5.0 2.5 2 0 2 1 1
2386.4 6146.5 -52.9 88 0 9.3 9.1 7.5 0.0 0 0 3 5 5
5246.4 6398.9 -27.0 90 0 9.7 10.6 5.0 2.5 2 1 2 3 3
4384.2 7015.7 -130.2 189 0 12.7 9.7 5.0 2.5 2 0 2 4 4
4699.9 8361.3 167.4 355 0 6.9 8.8 7.5 2.5 2 1 3 1 1
-1910.0 -10646.1 -107.0 112 0 11.5 6.9 2.5 0.0 0 0 1 2 2
-1900.6 -10656.8 -103.6 199 0 9.9 21.0 5.0 0.0 0 1 2 4 4
-1892.8 -10685.5 -99.9 88 0 11.0 9.3 5.0 2.5 2 0 2 4 4
-1933.6 -10687.8 -98.3 90 0 14.0 8.8 7.5 2.5 2 0 3 3 3
