-3075.0 -7195.4 288.1 2 0 15.1 18.5 7.5 2.5 2 1 3 4 4
-6378.5 -4343.0 -292.1 45 0 15.9 13.0 7.5 2.5 2 0 3 5 5
-6405.1 -4290.6 -289.6 218 0 38.3 11.4 7.5 2.5 2 0 3 2 2
-6424.2 -4217.2 -270.0 217 0 22.5 10.5 7.5 2.5 2 0 3 1 1
-6347.6 -4172.8 -279.5 307 0 15.3 21.4 12.5 2.5 2 1 5 5 5
-6355.0 -4210.6 -284.2 33 0 24.2 11.1 10.0 2.5 2 0 4 3 3
-6382.8 -4245.8 -285.6 124 0 16.7 16.5 10.0 2.5 2 0 4 3 3
-6354.7 -4303.2 -297.2 47 0 16.1 18.5 10.0 2.5 2 1 4 5 5
-6026.4 -3987.9 -292.0 161 0 20.5 10.4 10.5 3.5 2 0 3 3 3
-6006.6 -4037.4 -297.0 160 0 67.2 45.1 10.5 0.0 0 0 3 1 1
-5489.5 -3480.8 -294.7 184 0 16.1 5.4 10.5 3.5 2 0 3 2 2
-5467.6 -3479.2 -292.0 358 0 14.9 14.3 10.5 3.5 2 0 3 1 1
-5473.1 -3451.8 -291.2 267 0 14.1 16.0 10.5 0.0 0 1 3 1 1
-5403.1 -4314.5 -112.8 74 0 16.2 8.4 7.5 2.5 4 0 3 5 5
-5567.0 -4423.2 -147.7 132 0 12.0 20.2 7.5 2.5 2 1 3 4 4
