5787.5 6187.3 302.4 306 0 19.6 11.2 7.5 2.5 2 0 3 3 3
5696.5 6217.4 301.4 201 0 10.2 18.3 7.5 2.5 2 1 3 0 0
5906.9 8316.5 -121.9 3 0 7.0 14.5 10.5 3.5 2 1 3 5 5
5098.2 7414.8 147.7 88 0 9.5 17.0 2.5 0.0 0 1 1 1 1
6920.8 6235.0 33.9 343 0 15.2 9.7 7.5 2.5 2 0 3 5 5
3327.0 7778.2 15.4 127 0 5.6 10.6 7.5 2.5 2 1 3 5 5
6839.3 5388.0 115.8 117 0 15.6 9.0 2.5 2.5 2 0 1 4 4
5729.2 8242.8 -134.7 138 0 12.9 7.9 10.5 3.5 2 0 3 0 0
5765.4 8248.6 -132.1 39 0 7.5 20.0 10.5 3.5 2 1 3 0 0
5859.2 8238.4 -130.6 299 0 13.6 11.8 14.0 3.5 4 0 4 2 2
5484.9 8648.4 -81.2 341 0 7.9 8.3 7.5 2.5 2 1 3 1 1
4861.4 7388.0 124.1 247 0 14.1 10.5 5.0 2.5 2 0 2 1 1
6870.4 5889.4 86.7 85 0 10.8 8.3 5.0 2.5 2 0 2 4 4
3071.6 6544.1 205.1 208 0 8.3 17.5 2.5 2.5 2 1 1 1 1
5894.5 6132.5 309.4 144 0 5.4 11.6 5.0 2.5 2 1 2 0 0
3117.8 6720.1 158.2 34 0 11.7 12.1 7.5 2.5 2 1 3 4 4
5771.0 8328.2 -124.4 113 0 11.1 8.6 10.5 3.5 2 0 3 1 1
6009.2 8156.0 -111.4 148 0 13.3 11.7 14.0 3.5 2 0 4 4 4
3290.2 6677.5 158.7 13 0 7.5 13.2 7.5 2.5 2 1 3 1 1
5674.2 8360.8 -128.1 292 0 14.2 10.4 10.5 3.5 4 0 3 1 1
5603.6 8456.5 -109.3 2 0 9.1 16.9 10.5 3.5 2 1 3 2 2
5728.3 8338.3 -126.7 322 0 13.9 8.8 10.5 3.5 2 0 3 1 1
5628.6 8452.0 -112.0 323 0 10.6 14.4 14.0 3.5 4 1 4 4 4
5843.4 8194.7 -134.2 192 0 11.4 14.8 14.0 3.5 4 1 4 0 0
5445.8 8471.0 -112.8 280 0 21.6 9.4 10.5 3.5 2 0 3 2 2
5270.8 8454.6 -125.8 318 0 23.6 11.8 14.0 3.5 2 0 4 1 1
2367.4 8119.7 -75.6 288 0 14.1 9.6 7.5 2.5 2 0 3 1 1
3028.5 6651.5 186.5 135 0 19.9 10.1 5.0 2.5 2 0 2 4 4
4907.6 7346.0 128.6 18 0 11.0 17.3 5.0 2.5 2 1 2 2 2
3147.6 6606.6 181.8 301 0 12.1 8.0 5.0 0.0 0 0 2 1 1
6803.5 5487.8 121.8 271 0 10.0 17.0 10.0 2.5 2 1 4 0 0
5581.7 8473.8 -106.7 252 0 14.4 7.5 10.5 3.5 2 0 3 5 5
5446.5 8403.1 -123.5 95 0 20.1 10.3 14.0 3.5 2 0 4 0 0
5723.7 8380.0 -123.3 295 0 18.6 11.5 14.0 3.5 2 0 4 1 1
6575.1 7414.2 -79.7 154 0 15.4 9.5 5.0 2.5 2 0 2 0 0
4730.9 7270.1 125.3 52 0 6.7 8.5 7.5 2.5 4 1 3 2 2
6928.9 6037.3 64.3 331 0 14.0 9.7 7.5 2.5 2 0 3 1 1
2433.6 8083.0 -50.1 265 0 13.7 14.4 5.0 0.0 0 1 2 4 4
6853.4 5444.1 109.1 16 0 10.4 16.0 5.0 0.0 0 1 2 2 2
5745.8 8323.2 -126.9 311 0 17.2 8.2 10.5 3.5 4 0 3 0 0
6773.5 7052.8 -67.0 249 0 10.4 19.2 7.5 2.5 2 1 3 1 1
5307.5 8427.2 -126.3 125 0 15.2 14.4 14.0 3.5 2 0 4 2 2
5887.9 8193.4 -131.8 330 0 10.0 21.4 10.5 3.5 4 1 3 0 0
5894.9 8353.6 -114.1 278 0 16.0 9.9 10.5 3.5 2 0 3 1 1
5900.1 8204.8 -126.0 306 0 13.4 10.9 14.0 3.5 2 0 4 5 5
2451.5 8082.6 -49.2 282 0 12.6 9.7 2.5 2.5 2 0 1 3 3
6108.9 7995.8 -113.2 140 0 12.2 8.7 10.5 3.5 4 0 3 4 4
4729.0 7397.0 111.9 310 0 6.8 8.0 5.0 2.5 2 1 2 0 0
4701.4 7324.1 120.5 178 0 17.4 10.6 7.5 2.5 2 0 3 5 5
3069.7 6644.9 178.9 130 0 19.0 11.1 7.5 2.5 2 0 3 0 0
3342.5 7767.5 18.2 127 0 5.4 10.2 2.5 2.5 2 1 1 3 3
6892.0 5518.2 102.0 117 0 13.4 10.9 7.5 2.5 2 0 3 3 3
3269.4 6736.3 140.0 78 0 10.9 14.2 5.0 0.0 0 1 2 2 2
5808.4 8283.6 -128.1 300 0 14.5 9.5 10.5 3.5 2 0 3 4 4
5629.5 8414.0 -118.6 9 0 13.6 23.7 14.0 3.5 2 1 4 4 4
5869.2 8222.7 -131.5 306 0 13.1 9.9 10.5 3.5 2 0 3 0 0
5502.9 8625.8 -84.0 339 0 11.6 13.7 7.5 2.5 4 1 3 3 3
6118.7 8002.4 -110.9 147 0 11.1 5.3 10.5 3.5 2 0 3 4 4
6896.1 5892.8 80.3 79 0 10.5 16.2 5.0 2.5 4 1 2 1 1
5903.5 6153.9 304.0 209 0 8.8 12.2 2.5 2.5 2 1 1 4 4
2350.1 8095.8 -67.5 79 0 13.7 8.7 7.5 2.5 2 0 3 0 0
6027.0 8133.0 -112.6 139 0 15.2 10.0 14.0 3.5 2 0 4 5 5
3249.5 6702.4 155.7 251 0 9.2 7.2 7.5 2.5 2 0 3 5 5
5607.5 8483.0 -105.0 277 0 12.6 9.5 10.5 3.5 2 0 3 4 4
5614.9 8372.5 -128.2 276 0 22.3 11.0 10.5 3.5 2 0 3 2 2
5468.0 8434.2 -116.8 92 0 18.6 11.3 14.0 3.5 2 0 4 3 3
5280.3 8466.7 -122.8 306 0 30.0 9.9 10.5 3.5 2 0 3 5 5
5916.2 8333.5 -119.4 355 0 6.3 11.2 10.5 3.5 2 1 3 0 0
5455.4 8691.3 -77.9 249 0 12.0 12.7 7.5 2.5 2 1 3 0 0
4855.5 7333.1 126.9 98 0 10.1 13.3 5.0 0.0 0 1 2 3 3
6790.0 5973.0 102.4 228 0 10.0 16.4 7.5 2.5 2 1 3 3 3
5514.7 8569.9 -89.4 99 0 8.7 8.1 2.5 2.5 2 0 1 3 3
5421.6 7008.0 202.5 203 0 7.3 12.4 2.5 2.5 2 1 1 5 5
5742.8 6547.6 271.0 173 0 11.2 13.1 5.0 2.5 2 1 2 0 0
5962.5 6295.6 266.3 46 0 10.7 7.5 5.0 2.5 4 0 2 3 3
5698.3 8351.9 -127.2 295 0 12.0 9.2 10.5 3.5 2 0 3 5 5
6173.0 7827.0 -118.0 157 0 29.2 10.5 14.0 3.5 4 0 4 3 3
5338.6 8449.9 -120.8 125 0 21.0 12.0 14.0 3.5 2 0 4 0 0
5922.8 8169.8 -120.0 300 0 17.0 12.5 14.0 3.5 2 0 4 0 0
5363.6 8496.2 -110.8 123 0 12.3 9.4 2.5 2.5 2 0 1 2 2
2377.9 8037.0 -40.5 178 0 9.3 19.6 7.5 2.5 2 1 3 4 4
5944.3 6140.4 306.3 302 0 11.6 7.7 5.0 0.0 0 0 2 1 1
2435.0 8136.6 -73.6 259 0 8.5 8.3 7.5 2.5 2 0 3 0 0
6148.0 7923.1 -109.5 328 0 10.6 16.2 14.0 3.5 2 1 4 1 1
5208.3 7280.2 169.6 105 0 23.2 11.6 10.0 2.5 2 0 4 2 2
5503.9 8383.5 -126.5 278 0 17.7 12.9 10.5 3.5 2 0 3 4 4
5743.4 8299.3 -129.5 305 0 4.9 10.8 10.5 3.5 2 1 3 5 5
5559.0 8639.1 -77.8 258 0 18.8 8.4 2.5 0.0 0 0 1 4 4
6123.5 7987.4 -109.8 134 0 12.5 7.6 10.5 3.5 2 0 3 4 4
4716.9 7385.3 114.3 230 0 8.6 15.7 5.0 0.0 0 1 2 5 5
5595.1 8759.4 -35.6 127 0 14.2 8.6 7.5 2.5 2 0 3 2 2
5703.7 6178.5 311.7 23 0 11.0 24.4 15.0 0.0 0 1 6 3 3
2307.1 8099.6 -76.1 78 0 6.8 14.8 5.0 0.0 0 1 2 4 4
3036.9 6729.6 172.2 236 0 8.7 13.3 2.5 2.5 4 1 1 4 4
5066.1 7341.0 144.0 62 0 10.8 14.7 5.0 2.5 2 1 2 2 2
3208.4 6694.9 156.3 38 0 7.9 15.5 5.0 2.5 2 1 2 3 3
5688.8 8377.6 -124.0 114 0 19.4 15.5 14.0 3.5 2 0 4 4 4
5795.2 8291.1 -128.2 332 0 11.8 13.5 10.5 3.5 2 1 3 4 4
5568.9 8379.1 -127.1 278 0 38.7 10.9 10.5 3.5 2 0 3 3 3
5645.0 8189.2 -145.1 139 0 11.5 13.4 7.5 2.5 2 1 3 0 0
5476.5 8397.0 -123.2 97 0 33.1 9.0 10.5 0.0 0 0 3 5 5
5879.5 6148.6 307.2 222 0 10.5 17.1 5.0 2.5 2 1 2 0 0
5981.5 8101.8 -123.8 222 0 9.8 15.9 10.5 3.5 2 1 3 5 5
3097.3 6600.3 184.9 134 0 9.3 9.3 5.0 2.5 2 0 2 5 5
6792.7 5250.9 138.1 28 0 12.0 17.2 5.0 2.5 2 1 2 4 4
5755.9 8329.3 -125.0 144 0 7.4 9.2 10.5 3.5 2 1 3 5 5
6830.9 6454.6 -7.1 79 0 9.4 14.8 5.0 2.5 2 1 2 1 1
6631.2 7388.1 -74.1 24 0 11.7 16.2 10.0 2.5 2 1 4 3 3
5627.6 8470.4 -107.8 333 0 11.2 12.9 14.0 3.5 2 1 4 3 3
5821.0 8343.9 -122.4 277 0 14.0 8.6 10.5 3.5 2 0 3 1 1
4885.9 7371.7 126.0 340 0 15.1 8.7 5.0 2.5 4 0 2 3 3
2409.7 8102.5 -67.7 62 0 9.5 14.0 2.5 2.5 4 1 1 2 2
6821.0 5299.6 129.8 20 0 7.4 15.2 5.0 2.5 2 1 2 3 3
3150.9 6694.8 160.5 313 0 8.0 5.6 2.5 2.5 2 0 1 3 3
2455.3 8101.1 -56.5 282 0 7.3 7.0 5.0 2.5 2 0 2 3 3
5747.5 8343.1 -124.1 136 0 11.8 9.3 10.5 3.5 2 0 3 5 5
5771.4 6631.0 260.7 230 0 11.7 16.7 7.5 2.5 2 1 3 0 0
5581.6 8445.6 -112.6 275 0 15.9 9.3 10.5 3.5 2 0 3 2 2
5384.5 8417.3 -124.0 98 0 21.5 11.7 14.0 3.5 2 0 4 3 3
6544.6 7464.1 -79.8 135 0 16.1 10.0 7.5 0.0 0 0 3 2 2
5610.3 8553.8 -89.1 27 0 9.0 13.8 5.0 2.5 2 1 2 5 5
2406.9 8082.1 -51.9 264 0 14.9 9.5 7.5 2.5 2 0 3 2 2
2451.5 8110.0 -65.8 78 0 12.3 11.8 10.0 0.0 0 0 4 2 2
4724.9 7280.4 123.2 58 0 9.7 11.4 7.5 2.5 4 1 3 1 1
5366.0 7248.3 173.8 228 0 5.9 8.0 5.0 2.5 2 1 2 5 5
6581.6 7363.7 -82.2 160 0 7.5 8.7 5.0 2.5 2 1 2 3 3
5755.9 8290.6 -130.1 322 0 6.2 15.5 10.5 3.5 2 1 3 0 0
5579.1 8535.0 -93.7 57 0 19.1 13.2 10.0 2.5 2 0 4 0 0
6788.0 7117.3 -49.6 113 0 13.6 9.6 7.5 2.5 2 0 3 0 0
2512.0 8940.4 -294.2 168 0 7.6 13.2 7.5 2.5 2 1 3 0 0
2584.7 8835.0 -287.1 50 0 9.4 14.1 2.5 2.5 2 1 1 3 3
2499.9 9158.3 -274.1 344 0 10.1 14.7 5.0 2.5 4 1 2 0 0
2453.8 9159.0 -280.9 304 0 10.4 21.4 2.5 2.5 2 1 1 5 5
2513.3 8774.8 -323.7 343 0 14.5 10.4 7.5 2.5 2 0 3 5 5
2537.7 8952.5 -288.0 344 0 11.5 13.1 2.5 2.5 2 1 1 2 2
2606.1 8882.1 -273.1 340 0 11.0 11.8 7.5 2.5 2 1 3 1 1
2316.2 9371.7 -280.8 96 0 17.9 12.4 2.5 2.5 4 0 1 4 4
2516.3 8920.0 -296.3 136 0 14.8 11.5 5.0 2.5 2 0 2 0 0
2281.8 9315.2 -294.3 210 0 13.4 10.1 5.0 2.5 4 0 2 4 4
2308.9 9314.0 -289.4 20 0 16.3 8.8 7.5 2.5 2 0 3 4 4
2562.7 8808.2 -301.5 325 0 12.7 10.1 10.0 0.0 0 0 4 4 4
