-1770.5 11048.8 205.8 202 0 49.9 21.3 7.5 2.5 2 0 3 0 0
-1643.7 10900.7 180.6 217 0 18.2 15.4 12.5 2.5 2 0 5 0 0
4931.2 -6139.3 -157.4 225 0 22.8 32.5 10.0 0.0 0 1 4 1 1
6487.9 412.7 -218.9 255 0 52.6 24.0 10.0 2.5 2 0 4 5 5
4073.8 -3954.4 -186.2 284 0 55.5 87.6 12.5 0.0 0 1 5 1 1
3958.9 -3973.5 -184.6 194 0 79.6 60.4 10.0 0.0 0 0 4 5 5
3942.1 -4074.5 -183.2 195 0 86.7 54.6 10.0 0.0 0 0 4 3 3
4028.6 -4140.1 -183.8 104 0 54.7 83.9 7.5 0.0 0 1 3 4 4
4138.3 -4122.7 -184.5 14 0 84.9 57.9 15.0 0.0 0 0 6 0 0
4153.5 -4044.5 -185.7 14 0 40.1 18.2 7.5 2.5 2 0 3 3 3
4185.8 -3993.7 -186.4 193 0 33.0 18.2 10.5 0.0 0 0 3 3 3
4025.3 -3891.5 -185.3 231 0 21.7 13.1 7.5 2.5 2 0 3 4 4
3856.4 -4911.5 -176.8 189 0 47.0 66.3 12.5 0.0 0 1 5 3 3
3929.7 -4864.4 -177.4 8 0 37.4 60.8 7.5 0.0 0 1 3 4 4
3947.0 -4872.0 -177.4 11 0 26.1 10.0 7.5 2.5 2 0 3 2 2
3954.8 -4856.0 -177.9 103 0 15.4 20.1 10.5 0.0 0 1 3 4 4
