-5999.7 -5600.5 -32.1 267 0 206.0 140.8 10.0 0.0 0 0 4 2 2
1807.9 -1958.0 -0.6 73 0 8.3 34.3 10.5 3.5 2 1 3 1 1
1744.2 -1798.0 -11.2 151 0 11.9 47.1 15.0 0.0 0 1 6 5 5
1063.6 -1923.8 -8.5 241 0 93.1 63.8 14.0 0.0 0 0 4 5 5
1434.1 -1770.6 -9.7 236 0 10.4 22.3 14.0 3.5 2 1 4 2 2
1481.4 -1853.4 -8.7 147 0 129.5 9.8 10.5 3.5 2 0 3 4 4
1531.8 -1936.3 -3.9 146 0 32.9 10.2 14.0 3.5 2 0 4 3 3
1550.8 -1967.8 -2.7 148 0 31.0 10.5 14.0 3.5 2 0 4 2 2
1584.4 -2010.6 -1.5 58 0 10.1 35.2 14.0 3.5 2 1 4 0 0
1334.5 -1845.7 -7.6 144 0 11.6 54.1 14.0 3.5 2 1 4 0 0
1398.3 -1845.5 -6.2 324 0 11.6 54.1 14.0 3.5 2 1 4 5 5
1343.5 -1805.5 -8.9 54 0 54.1 11.6 14.0 3.5 2 0 4 3 3
1418.3 -1878.1 -5.6 325 0 54.1 11.6 14.0 3.5 2 0 4 2 2
3441.0 -4668.3 -37.4 113 0 23.0 51.0 14.0 3.5 2 1 4 0 0
3442.5 -4577.6 -37.2 179 0 40.7 27.8 14.0 0.0 0 0 4 0 0
3484.5 -4597.6 -37.0 90 0 10.0 55.1 10.5 3.5 2 1 3 2 2
3542.0 -4578.5 -32.7 180 0 20.1 20.3 14.0 3.5 2 1 4 1 1
3644.3 -4385.3 -22.8 270 0 20.8 25.0 14.0 3.5 2 1 4 5 5
3595.0 -4590.6 -30.0 90 0 23.6 65.2 14.0 3.5 2 1 4 2 2
3644.3 -4639.9 -31.7 270 0 19.5 26.5 14.0 3.5 2 1 4 1 1
3655.0 -4456.8 -24.0 0 0 25.0 20.8 14.0 3.5 2 0 4 5 5
3644.1 -4582.8 -28.5 90 0 21.3 20.1 14.0 3.5 2 0 4 3 3
3654.0 -4527.2 -26.7 0 0 21.5 20.3 14.0 3.5 2 0 4 4 4
3585.5 -4653.5 -34.5 180 0 88.1 23.6 14.0 0.0 0 0 4 5 5
3644.2 -4598.0 -30.0 270 0 20.4 23.2 14.0 3.5 2 1 4 3 3
3654.8 -4550.4 -27.6 0 0 20.1 20.3 14.0 3.5 2 1 4 4 4
3644.3 -4696.5 -33.0 90 0 19.5 28.9 14.0 3.5 2 1 4 0 0
3654.5 -4428.4 -23.1 0 0 25.0 20.8 14.0 3.5 4 0 4 0 0
812.7 7150.7 19.6 45 0 32.2 16.2 14.0 3.5 2 0 4 0 0
-75.0 4973.9 9.5 136 0 4.1 9.9 7.5 2.5 2 1 3 5 5
-5888.6 937.2 24.9 259 0 136.8 28.8 10.0 0.0 0 0 4 1 1
-5825.4 878.7 32.1 348 0 25.6 96.7 10.0 0.0 0 1 4 4 4
3436.2 2408.7 8.2 173 0 23.0 10.1 7.5 2.5 2 0 3 0 0
3446.2 2380.2 6.3 152 0 25.3 10.5 12.5 2.5 4 0 5 2 2
3479.5 2347.3 3.2 234 0 12.2 22.3 12.5 2.5 2 1 5 4 4
3418.9 2387.6 7.1 335 0 20.3 10.9 5.0 2.5 2 0 2 4 4
-1436.9 -3270.7 -9.1 57 0 30.4 237.3 10.0 0.0 0 1 4 1 1
-5947.7 1177.3 9.8 91 0 37.7 19.7 10.0 0.0 0 0 4 3 3
