-6771.2 1189.0 -1.7 270 0 29.3 109.5 10.0 0.0 0 1 4 2 2
-6773.5 1198.7 0.8 83 0 15.7 85.4 10.0 0.0 0 1 4 3 3
-6724.3 1207.2 -0.3 85 0 66.1 34.6 12.5 0.0 0 0 5 5 5
-6652.7 1292.5 -0.0 273 0 32.0 31.7 10.0 0.0 0 0 4 5 5
-6763.0 1297.9 2.4 76 0 31.9 53.5 10.0 0.0 0 1 4 4 4
-6522.8 1327.2 -1.7 258 0 62.2 27.4 10.0 0.0 0 0 4 5 5
-6452.1 1337.6 -2.3 253 0 27.0 21.3 10.0 2.5 2 0 4 5 5
-6369.8 1363.8 -2.6 76 0 14.0 18.8 15.0 0.0 0 1 6 3 3
-5995.9 1465.9 -4.0 222 0 50.8 16.7 10.0 2.5 2 0 4 1 1
-6682.2 1131.6 -2.4 79 0 82.4 26.0 7.5 0.0 0 0 3 1 1
-6550.1 1078.4 -4.2 310 0 20.4 14.3 7.5 2.5 2 0 3 2 2
-6570.7 960.1 -4.8 216 0 24.2 24.0 10.0 0.0 0 0 4 1 1
-6010.0 1087.1 -5.7 67 0 32.8 37.9 10.0 0.0 0 1 4 0 0
-5658.3 1387.2 -5.6 288 0 45.4 24.3 10.0 0.0 0 0 4 4 4
-5536.8 1333.9 -6.2 295 0 102.0 23.4 10.0 0.0 0 0 4 5 5
-5846.9 952.3 -6.6 75 0 90.9 58.8 7.5 0.0 0 0 3 4 4
-6195.4 1056.5 -5.4 163 0 15.0 25.5 7.5 2.5 2 1 3 0 0
-6332.8 1812.1 5.3 135 0 17.2 17.2 7.5 2.5 2 1 3 5 5
-6300.0 1815.6 5.0 338 0 7.1 12.8 7.5 2.5 4 1 3 2 2
-2670.2 1414.6 -9.4 47 0 10.1 24.8 5.0 0.0 0 1 2 0 0
-2552.6 1471.0 -9.4 241 0 8.7 21.2 2.5 2.5 2 1 1 0 0
4691.9 -7345.8 -0.1 20 0 17.2 22.4 5.0 0.0 0 1 2 4 4
