5412.5 -4643.4 -115.1 291 0 39.1 32.1 10.5 0.0 0 0 3 5 5
4123.5 -10932.9 -144.2 190 0 16.4 81.5 14.0 3.5 2 1 4 0 0
3704.5 -9836.4 -146.8 102 0 30.8 81.1 10.0 0.0 0 1 4 3 3
4148.9 -10774.1 -141.7 190 0 16.0 79.6 14.0 3.5 2 1 4 4 4
3748.5 -9851.4 -146.8 100 0 32.6 86.1 7.5 0.0 0 1 3 5 5
4145.4 -10795.1 -141.8 190 0 15.7 79.8 14.0 3.5 2 1 4 1 1
4111.3 -10976.9 -145.0 190 0 16.4 81.5 14.0 3.5 2 1 4 2 2
3855.5 -9625.6 -145.5 281 0 61.8 118.0 5.0 0.0 0 1 2 4 4
4221.5 -10835.8 -142.2 10 0 13.5 60.9 14.0 3.5 2 1 4 3 3
3808.9 -9878.0 -146.9 101 0 66.2 121.7 15.0 0.0 0 1 6 4 4
4237.0 -10742.3 -141.5 10 0 16.0 79.6 14.0 0.0 0 1 4 1 1
4217.1 -10857.2 -142.6 10 0 14.1 60.8 14.0 3.5 2 1 4 0 0
4118.1 -10953.6 -144.6 190 0 16.4 81.5 14.0 3.5 2 1 4 3 3
4127.3 -10911.7 -143.8 190 0 16.4 81.5 14.0 3.5 2 1 4 0 0
3933.7 -9639.8 -145.5 281 0 63.6 122.5 12.5 0.0 0 1 5 2 2
4153.0 -10752.4 -141.6 190 0 16.0 79.6 14.0 3.5 2 1 4 5 5
4131.1 -10887.2 -143.4 190 0 16.4 81.5 14.0 3.5 2 1 4 0 0
4010.1 -9652.7 -145.7 280 0 63.4 123.2 12.5 0.0 0 1 5 4 4
3811.3 -9981.9 -148.2 11 0 106.4 47.9 10.0 0.0 0 0 4 5 5
4004.6 -9852.6 -146.7 10 0 120.9 66.5 12.5 0.0 0 0 5 1 1
4133.8 -10866.0 -143.0 190 0 16.4 81.5 14.0 3.5 2 1 4 0 0
3786.7 -10090.6 -149.2 11 0 83.7 41.2 7.5 0.0 0 0 3 1 1
3886.3 -9890.8 -146.9 100 0 64.9 122.6 12.5 0.0 0 1 5 5 5
3708.4 -10205.8 -149.5 192 0 134.9 56.8 12.5 0.0 0 0 5 3 3
-1696.5 -3330.4 -130.2 229 0 20.1 52.5 10.0 2.5 2 1 4 3 3
3920.7 -10468.3 -147.0 101 0 15.5 64.5 15.0 0.0 0 1 6 4 4
-1902.2 -3485.8 -128.7 228 0 20.4 72.6 10.0 2.5 2 1 4 4 4
-1733.3 -3335.4 -130.2 227 0 20.7 72.8 10.0 2.5 2 1 4 4 4
-1765.2 -3593.9 -126.5 48 0 20.4 72.6 12.5 2.5 2 1 5 1 1
-1618.3 -3462.1 -129.0 48 0 20.0 71.1 7.5 2.5 2 1 3 2 2
-1858.0 -3445.1 -129.1 228 0 20.4 72.6 12.5 2.5 2 1 5 2 2
-1573.5 -3422.6 -129.8 48 0 20.2 72.3 10.0 2.5 2 1 4 2 2
-1880.2 -3464.6 -129.1 228 0 20.4 72.6 10.0 0.0 0 1 4 3 3
-468.5 -8456.5 -141.6 159 0 18.0 160.8 14.0 0.0 0 1 4 3 3
-1595.4 -3442.2 -129.4 47 0 20.4 72.0 7.5 2.5 2 1 3 2 2
-1834.9 -3425.3 -129.0 228 0 20.4 72.6 12.5 2.5 2 1 5 5 5
3973.2 -10331.5 -148.3 282 0 16.5 66.5 10.0 2.5 2 1 4 4 4
-1777.4 -3375.4 -129.7 228 0 20.5 72.7 12.5 2.5 2 1 5 0 0
-1787.3 -3615.2 -126.2 48 0 20.4 72.6 12.5 2.5 4 1 5 5 5
-131.3 -8331.1 -143.9 339 0 17.6 149.3 14.0 0.0 0 1 4 5 5
-1640.7 -3481.3 -128.6 47 0 19.9 71.1 7.5 2.5 2 1 3 2 2
-1742.4 -3573.7 -126.8 48 0 20.4 72.6 7.5 2.5 2 1 3 0 0
-1838.5 -3295.4 -132.4 173 0 52.2 37.2 12.5 0.0 0 0 5 2 2
-1672.2 -3491.1 -128.2 47 0 20.1 56.9 10.0 0.0 0 1 4 0 0
3944.9 -10473.0 -146.7 101 0 15.4 64.2 12.5 2.5 2 1 5 4 4
-1776.2 -3260.0 -132.1 262 0 38.7 53.8 12.5 0.0 0 1 5 5 5
-1811.9 -3406.6 -129.3 228 0 20.4 72.6 12.5 2.5 2 1 5 3 3
-1720.0 -3552.8 -127.2 48 0 20.4 72.6 10.0 2.5 4 1 4 2 2
-1754.6 -3355.4 -129.9 228 0 20.2 72.3 10.0 2.5 2 1 4 2 2
5410.6 -4853.4 -117.1 304 0 26.2 28.0 14.0 0.0 0 1 4 5 5
5024.6 -4489.8 -113.9 275 0 124.5 58.0 14.0 0.0 0 0 4 5 5
5022.7 -4530.2 -113.3 94 0 14.7 20.1 14.0 0.0 0 1 4 4 4
5055.2 -4510.5 -113.0 276 0 14.2 21.3 14.0 0.0 0 1 4 1 1
5031.8 -4544.6 -113.7 93 0 74.2 9.4 10.5 3.5 2 0 3 2 2
5082.5 -4508.1 -112.7 272 0 14.4 27.9 14.0 3.5 2 1 4 0 0
5080.1 -4500.8 -113.0 2 0 10.4 64.0 14.0 3.5 2 0 4 4 4
4678.4 -5026.1 -123.0 269 0 76.3 83.4 14.0 0.0 0 1 4 5 5
5482.8 -4284.1 -101.0 59 0 11.5 21.8 12.5 2.5 2 1 5 1 1
5461.1 -4238.9 -98.7 293 0 21.3 10.8 5.0 2.5 2 0 2 2 2
5402.9 -4212.8 -92.5 172 0 12.3 39.3 12.5 2.5 2 1 5 2 2
5337.2 -4341.0 -104.0 181 0 7.3 13.2 10.5 0.0 0 1 3 5 5
5328.4 -4326.3 -103.4 186 0 20.4 8.4 10.5 3.5 4 0 3 5 5
5398.6 -4338.8 -104.3 357 0 10.5 31.4 14.0 3.5 2 1 4 5 5
5226.4 -4319.3 -101.7 84 0 10.2 8.8 10.5 3.5 2 0 3 3 3
5239.9 -4294.6 -101.1 262 0 16.3 14.8 14.0 3.5 2 0 4 1 1
5170.6 -4270.2 -99.1 91 0 7.2 12.2 10.5 3.5 2 1 3 4 4
5181.9 -4272.3 -99.2 88 0 10.1 8.8 10.5 3.5 2 0 3 5 5
5227.6 -4222.3 -96.3 359 0 10.9 19.1 14.0 3.5 2 1 4 0 0
5451.9 -4885.3 -117.6 306 0 11.9 13.7 14.0 3.5 2 1 4 2 2
5347.5 -4908.5 -117.1 133 0 25.9 11.8 14.0 3.5 2 0 4 4 4
5408.0 -4949.3 -117.8 30 0 9.6 44.7 10.5 3.5 2 1 3 3 3
5411.1 -4891.2 -117.4 301 0 29.3 11.1 14.0 0.0 0 0 4 5 5
5411.5 -4935.0 -117.8 120 0 12.0 36.1 14.0 3.5 2 1 4 2 2
5372.7 -4871.1 -116.9 300 0 21.1 7.8 10.5 3.5 2 0 3 1 1
5357.5 -4842.8 -116.6 300 0 35.2 8.0 10.5 3.5 2 0 3 5 5
5424.8 -4767.8 -116.3 298 0 18.6 19.6 14.0 3.5 2 1 4 5 5
5133.3 -4040.7 -61.7 195 0 13.3 17.2 14.0 3.5 2 1 4 5 5
5122.1 -4069.6 -71.4 191 0 35.6 12.3 14.0 0.0 0 0 4 5 5
5176.9 -4054.6 -63.1 28 0 20.3 8.9 10.5 3.5 2 0 3 4 4
5332.4 -3881.3 -29.4 1 0 14.9 30.2 14.0 3.5 2 1 4 0 0
5346.1 -3926.9 -40.8 358 0 44.8 21.1 14.0 3.5 2 0 4 5 5
5290.0 -3966.7 -48.4 198 0 23.5 13.8 14.0 3.5 4 0 4 5 5
5275.8 -3999.3 -56.3 228 0 21.4 11.9 14.0 3.5 2 0 4 3 3
5238.0 -4005.5 -57.0 254 0 16.8 15.7 14.0 3.5 4 0 4 4 4
5207.0 -4007.1 -53.1 29 0 11.5 10.7 14.0 3.5 2 0 4 2 2
5196.7 -4029.4 -57.9 30 0 34.3 11.4 14.0 3.5 2 0 4 0 0
5272.4 -3917.7 -33.2 359 0 13.1 44.0 14.0 3.5 2 1 4 2 2
5185.5 -3941.7 -39.8 41 0 44.7 11.8 14.0 3.5 2 0 4 2 2
5305.8 -4397.3 -108.1 343 0 16.1 10.3 14.0 3.5 2 0 4 1 1
5301.0 -4373.3 -106.5 351 0 27.6 9.3 10.5 3.5 2 0 3 1 1
5297.3 -4303.0 -101.1 30 0 6.7 7.9 10.5 0.0 0 1 3 2 2
5296.5 -4346.7 -104.5 357 0 20.6 6.4 10.5 3.5 2 0 3 3 3
5302.8 -4343.4 -103.9 181 0 6.9 9.3 10.5 3.5 2 1 3 1 1
5303.2 -4328.4 -103.4 186 0 17.3 13.1 14.0 3.5 2 0 4 1 1
5338.6 -4289.5 -101.3 242 0 13.9 12.7 14.0 3.5 2 0 4 1 1
5318.2 -4310.6 -102.0 146 0 14.0 19.4 14.0 3.5 2 1 4 1 1
5175.8 -4294.6 -101.8 268 0 21.0 19.3 14.0 3.5 2 0 4 0 0
5137.2 -4300.5 -101.6 269 0 5.9 6.7 10.5 0.0 0 1 3 2 2
5145.7 -4300.3 -101.6 269 0 5.7 7.7 10.5 3.5 2 1 3 0 0
5153.6 -4299.5 -101.5 270 0 7.5 7.3 10.5 3.5 2 0 3 4 4
5139.0 -4311.3 -102.4 270 0 31.6 8.1 10.5 3.5 2 0 3 4 4
5182.2 -4398.6 -107.0 29 0 10.4 9.3 10.5 3.5 2 0 3 5 5
5192.6 -4351.7 -105.0 356 0 32.6 18.6 14.0 0.0 0 0 4 4 4
5167.4 -4359.0 -105.0 356 0 10.8 16.6 14.0 3.5 2 1 4 0 0
5166.3 -4403.6 -107.4 49 0 11.9 51.1 14.0 3.5 2 1 4 5 5
5026.3 -4555.2 -113.3 179 0 7.0 22.8 10.5 3.5 2 1 3 2 2
5056.4 -4558.6 -113.3 91 0 11.4 7.1 10.5 3.5 2 0 3 4 4
5071.2 -4576.2 -113.4 3 0 14.0 5.7 10.5 3.5 2 0 3 1 1
5050.2 -4635.7 -114.2 4 0 20.5 7.4 10.5 3.5 4 0 3 4 4
5046.2 -4686.6 -114.7 8 0 25.3 7.5 10.5 3.5 2 0 3 3 3
5038.0 -4730.9 -115.1 10 0 6.1 8.3 10.5 3.5 2 1 3 1 1
5036.6 -4738.5 -115.2 11 0 6.7 9.2 10.5 0.0 0 1 3 1 1
5034.8 -4748.2 -115.4 12 0 9.2 9.5 10.5 0.0 0 1 3 1 1
5031.1 -4761.6 -115.5 17 0 12.8 9.5 10.5 3.5 2 0 3 5 5
5030.0 -4773.5 -115.6 12 0 7.2 11.8 10.5 0.0 0 1 3 4 4
5026.0 -4792.2 -115.9 11 0 28.0 10.8 14.0 3.5 2 0 4 1 1
5124.3 -4657.8 -113.8 283 0 11.0 38.4 14.0 3.5 2 1 4 5 5
5098.4 -4652.8 -114.3 282 0 9.4 57.9 10.5 3.5 2 1 3 3 3
5082.2 -4758.2 -114.8 102 0 10.2 45.6 14.0 3.5 2 1 4 0 0
5088.3 -4844.9 -115.4 97 0 7.9 17.7 10.5 3.5 4 1 3 3 3
5080.6 -4859.4 -115.8 98 0 31.3 9.5 10.5 3.5 2 0 3 2 2
5063.0 -4771.5 -115.2 188 0 24.7 8.9 10.5 3.5 2 0 3 5 5
5057.7 -4800.1 -115.5 187 0 25.2 12.8 14.0 3.5 2 0 4 5 5
5055.4 -4833.1 -115.7 187 0 12.8 5.9 10.5 3.5 2 0 3 1 1
4985.9 -5094.5 -118.9 33 0 13.8 10.1 14.0 3.5 2 0 4 3 3
4973.8 -5090.8 -118.9 42 0 6.7 14.6 10.5 3.5 2 1 3 4 4
4969.8 -5047.8 -118.6 208 0 7.3 13.0 10.5 3.5 2 1 3 2 2
4991.0 -5001.1 -117.9 210 0 13.6 15.5 14.0 3.5 2 1 4 5 5
4996.6 -4987.0 -117.7 207 0 11.7 15.6 14.0 3.5 2 1 4 3 3
5011.4 -4963.3 -117.3 207 0 8.1 12.9 10.5 3.5 2 1 3 1 1
5018.1 -4949.5 -117.2 209 0 18.2 11.5 14.0 3.5 2 0 4 4 4
4855.3 -4959.0 -119.6 114 0 91.9 10.3 14.0 3.5 2 0 4 1 1
4849.2 -5018.3 -119.8 211 0 12.8 35.9 14.0 3.5 2 1 4 2 2
4893.7 -5051.0 -119.5 121 0 11.4 12.9 14.0 3.5 2 1 4 3 3
4931.5 -5054.8 -119.2 31 0 10.0 12.8 14.0 3.5 2 1 4 1 1
4942.1 -5039.1 -118.9 31 0 7.2 13.8 10.5 3.5 2 1 3 2 2
4936.9 -5024.1 -118.8 31 0 10.3 7.2 10.5 3.5 2 0 3 5 5
4956.9 -5011.3 -118.6 31 0 21.5 10.0 14.0 3.5 2 0 4 4 4
4918.7 -4971.9 -118.5 121 0 10.3 29.3 14.0 3.5 2 1 4 3 3
4960.6 -4960.1 -118.1 31 0 21.6 8.6 10.5 3.5 2 0 3 3 3
4965.5 -4987.7 -118.3 31 0 20.0 11.1 14.0 3.5 2 0 4 2 2
4980.6 -4963.1 -117.9 31 0 27.5 11.4 14.0 3.5 2 0 4 3 3
5164.7 -5152.1 -118.6 30 0 15.2 13.1 14.0 3.5 2 0 4 4 4
5178.8 -5126.3 -118.4 30 0 40.3 14.2 14.0 3.5 2 0 4 4 4
5197.5 -5092.9 -118.0 28 0 31.1 14.5 14.0 3.5 2 0 4 3 3
5217.3 -5055.5 -117.6 26 0 14.1 12.1 14.0 3.5 2 0 4 1 1
5209.8 -5026.6 -117.5 296 0 38.7 13.8 14.0 3.5 2 0 4 1 1
5184.1 -5031.3 -117.4 296 0 13.4 16.3 14.0 3.5 2 1 4 4 4
5172.8 -5047.0 -118.1 296 0 12.0 70.2 14.0 3.5 4 1 4 1 1
5119.8 -5098.4 -118.1 206 0 7.4 12.9 10.5 3.5 2 1 3 2 2
5128.2 -5082.9 -118.0 206 0 25.4 12.1 14.0 3.5 2 0 4 0 0
5155.2 -5165.9 -118.7 26 0 13.2 66.9 14.0 3.5 2 1 4 5 5
5089.5 -5097.6 -118.3 206 0 12.7 69.6 14.0 3.5 2 1 4 3 3
5045.0 -5109.5 -118.4 24 0 8.6 27.9 10.5 3.5 2 1 3 2 2
5046.7 -5131.3 -118.5 205 0 12.8 8.4 10.5 3.5 2 0 3 4 4
5040.8 -5143.9 -118.6 206 0 8.9 19.0 10.5 3.5 2 1 3 0 0
5054.6 -5111.1 -118.3 206 0 23.9 7.3 10.5 3.5 2 0 3 5 5
5053.3 -5096.2 -118.1 26 0 20.4 7.6 10.5 0.0 0 0 3 4 4
5066.7 -5066.9 -117.8 25 0 14.8 10.3 14.0 3.5 2 0 4 0 0
5074.1 -5050.8 -117.6 28 0 17.9 8.9 10.5 3.5 2 0 3 2 2
5089.4 -5023.9 -117.3 29 0 15.4 7.8 10.5 0.0 0 0 3 0 0
5086.6 -5044.8 -117.7 207 0 38.4 12.1 14.0 3.5 2 0 4 1 1
5105.4 -5018.0 -117.2 207 0 11.0 18.3 14.0 3.5 2 1 4 2 2
5124.2 -5027.0 -117.4 210 0 13.3 44.5 14.0 3.5 2 1 4 3 3
5110.0 -4989.5 -116.9 32 0 11.9 10.2 14.0 3.5 4 0 4 4 4
5119.3 -4987.0 -116.9 211 0 14.6 5.3 10.5 3.5 2 0 3 1 1
5129.5 -4970.5 -116.7 213 0 21.1 5.8 10.5 3.5 2 0 3 3 3
5125.1 -4967.4 -116.6 37 0 9.4 5.8 10.5 3.5 2 0 3 0 0
5163.9 -4932.2 -116.3 228 0 35.0 6.4 10.5 3.5 2 0 3 1 1
5145.6 -4948.8 -116.4 224 0 11.2 5.6 10.5 3.5 4 0 3 3 3
5186.3 -4912.9 -116.1 231 0 19.8 8.9 10.5 3.5 2 0 3 2 2
5206.1 -4890.0 -115.8 53 0 12.8 8.6 10.5 0.0 0 0 3 0 0
5201.2 -4907.7 -116.0 144 0 11.6 29.4 14.0 0.0 0 1 4 3 3
5217.9 -4881.0 -115.8 49 0 13.4 8.8 10.5 3.5 2 0 3 0 0
5230.9 -4869.5 -115.8 44 0 17.0 12.8 14.0 3.5 4 0 4 3 3
5199.7 -4790.6 -114.8 214 0 5.5 10.2 10.5 3.5 2 1 3 4 4
5213.4 -4804.2 -115.1 303 0 18.4 20.6 14.0 3.5 4 1 4 2 2
5234.3 -4845.6 -115.5 32 0 7.4 27.6 10.5 3.5 2 1 3 1 1
5257.6 -4827.4 -115.7 308 0 10.9 31.9 14.0 3.5 4 1 4 3 3
5284.1 -4646.4 -114.0 282 0 23.2 9.4 10.5 3.5 2 0 3 0 0
5305.2 -4650.7 -114.2 283 0 9.2 20.2 10.5 3.5 2 1 3 2 2
5296.1 -4692.8 -114.5 7 0 36.8 14.0 14.0 3.5 2 0 4 1 1
5306.0 -4696.2 -114.6 5 0 35.7 8.1 10.5 3.5 2 0 3 0 0
5340.3 -4806.0 -116.0 301 0 8.9 22.6 10.5 3.5 2 1 3 2 2
5310.2 -4779.7 -115.4 128 0 8.5 7.6 10.5 3.5 2 0 3 0 0
5336.0 -4749.3 -115.4 198 0 7.0 20.8 10.5 3.5 2 1 3 5 5
5413.9 -4691.9 -115.2 15 0 15.2 26.5 10.5 3.5 2 1 3 5 5
5388.3 -4746.3 -115.6 16 0 10.0 23.8 10.5 3.5 4 1 3 2 2
5398.5 -4722.0 -115.4 16 0 9.0 32.4 10.5 3.5 2 1 3 1 1
5335.0 -4736.3 -115.4 199 0 9.4 27.3 10.5 3.5 2 1 3 1 1
5376.3 -4773.7 -115.8 19 0 9.4 61.5 10.5 3.5 4 1 3 0 0
5311.8 -4730.8 -115.0 188 0 12.2 9.4 10.5 3.5 2 0 3 2 2
5316.0 -4690.3 -114.7 187 0 22.8 11.4 10.5 3.5 2 0 3 3 3
5325.8 -4664.2 -114.5 190 0 24.0 18.7 10.5 3.5 2 0 3 5 5
5308.5 -4366.8 -106.8 257 0 8.3 24.4 10.5 3.5 2 1 3 1 1
5315.8 -4407.1 -111.5 158 0 25.7 9.6 10.5 3.5 2 0 3 5 5
5311.6 -4416.8 -112.5 338 0 19.5 9.2 10.5 3.5 2 0 3 3 3
5319.3 -4433.9 -113.1 335 0 13.6 7.7 10.5 3.5 4 0 3 3 3
5343.2 -4480.6 -112.7 334 0 33.1 7.5 10.5 3.5 2 0 3 4 4
5346.9 -4560.7 -113.4 86 0 14.0 8.8 10.5 3.5 2 0 3 0 0
5324.9 -4559.8 -113.2 81 0 23.9 15.9 14.0 0.0 0 0 4 0 0
5300.9 -4608.1 -113.6 189 0 10.4 9.5 10.5 3.5 2 0 3 0 0
5301.0 -4589.7 -113.5 190 0 19.3 13.2 14.0 0.0 0 0 4 2 2
5324.5 -4564.5 -113.4 272 0 23.7 10.9 14.0 3.5 2 0 4 1 1
5338.2 -4593.0 -113.6 40 0 18.6 10.3 14.0 3.5 4 0 4 1 1
5320.5 -4623.8 -113.9 22 0 28.2 10.3 14.0 3.5 4 0 4 4 4
5329.5 -4638.7 -114.2 198 0 16.0 14.7 10.5 3.5 2 0 3 5 5
5342.4 -4609.5 -114.0 210 0 17.4 14.4 10.5 3.5 2 0 3 4 4
5349.7 -4596.2 -113.9 218 0 7.5 14.4 10.5 3.5 2 1 3 4 4
5358.2 -4582.5 -113.8 219 0 19.0 12.1 10.5 3.5 2 0 3 3 3
5374.2 -4550.8 -113.6 168 0 22.7 12.6 10.5 3.5 4 0 3 0 0
5374.0 -4518.7 -113.3 162 0 22.5 12.0 10.5 3.5 2 0 3 2 2
5358.9 -4496.9 -112.8 157 0 6.7 8.2 10.5 3.5 2 1 3 1 1
5345.9 -4461.9 -112.7 243 0 9.2 32.6 10.5 3.5 2 1 3 2 2
5289.5 -4813.8 -115.7 212 0 16.2 5.4 10.5 3.5 4 0 3 0 0
5282.0 -4823.4 -115.7 215 0 3.8 9.2 10.5 3.5 2 1 3 0 0
5271.0 -4835.7 -115.8 216 0 25.9 10.1 14.0 3.5 2 0 4 1 1
5244.8 -4866.6 -116.0 227 0 33.4 13.5 14.0 3.5 4 0 4 3 3
4907.3 -4790.6 -117.1 121 0 10.5 13.6 10.5 3.5 2 1 3 5 5
4957.9 -4815.3 -117.1 33 0 13.2 48.9 10.5 3.5 4 1 3 4 4
4914.6 -4637.4 -115.0 134 0 7.2 10.7 10.5 3.5 2 1 3 3 3
4917.7 -4643.2 -115.5 187 0 11.6 23.4 14.0 3.5 2 1 4 0 0
4962.1 -4662.4 -115.5 105 0 16.8 15.6 14.0 0.0 0 0 4 0 0
4961.0 -4576.3 -114.4 100 0 18.8 12.7 14.0 3.5 2 0 4 3 3
4985.0 -4584.6 -114.2 10 0 30.4 14.3 14.0 3.5 2 0 4 4 4
4979.6 -4624.3 -115.3 10 0 41.0 17.8 14.0 3.5 2 0 4 4 4
5031.4 -4665.5 -114.8 11 0 23.6 12.1 14.0 0.0 0 0 4 0 0
5025.7 -4695.9 -115.0 11 0 9.4 10.8 10.5 3.5 2 1 3 5 5
5020.8 -4718.7 -115.4 11 0 34.9 10.2 14.0 3.5 2 0 4 4 4
5019.0 -4743.2 -115.5 11 0 7.7 13.0 10.5 0.0 0 1 3 4 4
4998.4 -4682.8 -115.2 101 0 12.3 38.8 14.0 3.5 2 1 4 1 1
4987.7 -4708.5 -115.7 191 0 48.5 14.4 14.0 3.5 2 0 4 5 5
4951.5 -4756.1 -116.6 11 0 40.4 11.5 10.5 3.5 2 0 3 1 1
4897.2 -4651.2 -115.8 11 0 31.9 11.5 10.5 3.5 2 0 3 2 2
4910.7 -4693.5 -116.5 191 0 55.0 11.9 10.5 3.5 4 0 3 3 3
4898.7 -4746.9 -117.0 191 0 40.6 13.3 10.5 3.5 2 0 3 0 0
4919.4 -4770.8 -116.9 101 0 12.3 41.0 10.5 3.5 2 1 3 4 4
3511.2 -990.3 12.9 29 0 31.6 72.2 12.5 0.0 0 1 5 2 2
3849.9 -953.1 49.1 103 0 134.9 74.3 7.5 0.0 0 0 3 1 1
3655.3 -1472.1 -52.7 207 0 77.3 120.8 12.5 0.0 0 1 5 4 4
4125.0 -2160.8 42.8 180 0 22.4 49.9 10.0 0.0 0 1 4 3 3
-4714.9 11257.5 126.4 336 0 16.2 9.7 7.5 2.5 2 0 3 1 1
-4686.7 11221.8 121.7 158 0 53.2 12.0 15.0 2.5 4 0 6 5 5
-4708.2 11271.9 122.7 156 0 33.9 10.6 12.5 2.5 2 0 5 5 5
-4671.3 11228.9 119.2 158 0 54.1 11.1 15.0 2.5 2 0 6 0 0
-4692.4 11276.6 120.0 159 0 28.6 11.2 10.0 2.5 2 0 4 4 4
-4777.2 11351.9 116.6 298 0 22.0 12.1 12.5 0.0 0 0 5 2 2
-4785.4 11302.4 124.1 117 0 10.1 30.4 12.5 2.5 2 1 5 0 0
-4759.0 11294.4 128.5 68 0 9.2 22.8 7.5 2.5 2 1 3 4 4
-4738.4 11316.8 126.6 334 0 23.2 12.8 7.5 2.5 2 0 3 4 4
-4694.1 11212.3 122.4 337 0 61.6 10.6 10.0 2.5 4 0 4 4 4
-6785.2 3918.1 -42.4 263 0 61.3 195.9 10.0 0.0 0 1 4 4 4
