5797.5 2220.5 -81.6 228 0 30.9 20.4 7.5 0.0 0 0 3 1 1
5412.1 4162.1 -96.5 254 0 12.1 52.8 12.5 2.5 2 1 5 5 5
5422.4 4164.9 -95.9 254 0 10.2 36.4 10.0 2.5 2 1 4 5 5
1056.9 -11899.3 -44.5 114 0 40.8 30.3 7.5 0.0 0 0 3 3 3
1057.0 -11825.5 -44.4 294 0 6.3 56.0 7.5 0.0 0 1 3 4 4
616.0 -11765.2 -42.5 205 0 70.5 24.0 7.5 0.0 0 0 3 3 3
688.8 -11799.2 -42.5 26 0 70.9 39.2 7.5 0.0 0 0 3 0 0
1187.7 -11977.5 -43.7 114 0 58.4 34.8 14.0 0.0 0 0 4 2 2
237.7 -11789.6 -43.0 293 0 45.7 95.6 14.0 0.0 0 1 4 5 5
88.9 -11404.5 -40.8 294 0 25.8 199.5 14.0 0.0 0 1 4 5 5
-32.5 -11358.1 -40.2 294 0 100.6 205.1 14.0 0.0 0 1 4 3 3
-88.0 -11596.2 -41.4 112 0 189.1 19.9 14.0 0.0 0 0 4 4 4
162.5 -11434.8 -41.0 294 0 85.3 197.3 14.0 0.0 0 1 4 2 2
442.6 -11819.6 -42.7 116 0 18.9 109.6 17.5 0.0 0 1 5 5 5
320.5 -11777.2 -42.5 114 0 73.1 116.3 17.5 0.0 0 1 5 3 3
422.7 -11548.8 -41.3 293 0 74.1 102.5 17.5 0.0 0 1 5 3 3
1753.9 -11992.1 -45.1 132 0 111.8 41.3 10.0 0.0 0 0 4 1 1
352.3 -11987.4 -43.5 203 0 19.7 34.2 17.5 0.0 0 1 5 2 2
425.5 -11989.0 -43.5 113 0 19.9 103.7 17.5 0.0 0 1 5 3 3
-27.8 -11663.4 -42.3 294 0 77.2 141.0 17.5 0.0 0 1 5 1 1
-158.6 -11610.9 -41.9 294 0 58.1 133.9 17.5 0.0 0 1 5 4 4
-4989.8 -7029.5 -40.0 296 0 42.3 15.5 7.5 2.5 2 0 3 3 3
-4534.1 -6873.8 -38.8 117 0 12.1 54.2 10.0 2.5 2 1 4 1 1
-5384.3 -6840.6 -38.0 279 0 16.3 69.8 10.0 2.5 2 1 4 1 1
-4550.1 -6866.0 -38.8 117 0 11.0 54.2 7.5 2.5 2 1 3 2 2
-5255.8 -7361.9 -40.5 116 0 15.2 65.1 15.0 2.5 2 1 6 5 5
-5824.5 -8061.2 -46.0 327 0 18.7 130.9 10.0 0.0 0 1 4 1 1
-3317.8 -7462.9 -34.5 151 0 89.3 91.7 7.5 0.0 0 1 3 3 3
-4475.1 -6762.8 -38.2 296 0 12.8 57.3 15.0 2.5 2 1 6 0 0
-5343.6 -6850.6 -38.1 279 0 16.2 61.8 5.0 2.5 2 1 2 4 4
-1172.8 -10659.1 -42.5 241 0 8.9 48.1 10.5 3.5 2 1 3 3 3
-1151.8 -10647.1 -42.5 242 0 9.7 48.9 10.5 3.5 2 1 3 3 3
-5169.9 -7189.0 -40.4 297 0 15.9 63.9 7.5 2.5 2 1 3 4 4
-1117.0 -10775.7 -38.5 150 0 47.4 9.5 10.5 3.5 2 0 3 4 4
-5126.7 -6661.6 -37.4 296 0 58.4 41.6 10.0 0.0 0 0 4 1 1
-1139.8 -10733.8 -40.0 151 0 41.3 10.2 17.5 3.5 2 0 5 3 3
-3057.9 -7313.2 -31.7 148 0 57.0 82.2 12.5 0.0 0 1 5 1 1
-3268.4 -7552.8 -34.8 152 0 90.2 91.6 7.5 0.0 0 1 3 2 2
-2098.2 -9752.6 -43.1 151 0 58.7 17.0 10.0 2.5 2 0 4 1 1
-5261.9 -6718.3 -37.4 311 0 16.5 61.7 10.0 0.0 0 1 4 2 2
-5311.8 -6778.7 -37.7 296 0 17.4 62.6 10.0 2.5 2 1 4 5 5
-2005.3 -9734.5 -42.6 62 0 17.2 58.8 7.5 2.5 2 1 3 0 0
-5248.3 -6647.2 -37.1 239 0 75.9 19.6 10.0 2.5 2 0 4 3 3
-5352.9 -6928.6 -38.4 262 0 17.4 61.2 12.5 2.5 4 1 5 2 2
-3177.9 -7591.6 -34.8 63 0 89.0 17.4 7.5 2.5 2 0 3 0 0
-1092.9 -10857.2 -37.9 60 0 9.3 47.8 10.5 3.5 2 1 3 4 4
-3279.7 -7324.6 -33.2 152 0 88.6 93.0 7.5 0.0 0 1 3 5 5
-4509.0 -6741.0 -38.2 296 0 15.1 57.6 10.0 2.5 2 1 4 1 1
-5394.6 -6931.9 -38.4 261 0 15.7 68.3 7.5 2.5 2 1 3 0 0
-1114.5 -10868.1 -38.0 62 0 9.8 48.2 10.5 3.5 2 1 3 2 2
-4958.1 -6915.2 -39.5 205 0 14.6 42.2 10.0 2.5 2 1 4 3 3
-5224.2 -7164.0 -40.0 296 0 16.5 64.1 12.5 2.5 2 1 5 5 5
-6078.0 -8223.6 -47.2 147 0 20.5 131.0 10.0 0.0 0 1 4 4 4
-2133.9 -9684.8 -42.7 151 0 58.7 17.0 10.0 0.0 0 0 4 4 4
-5309.2 -7337.4 -40.2 116 0 15.1 65.8 10.0 2.5 2 1 4 0 0
-2180.8 -9796.9 -43.8 331 0 58.7 17.0 10.0 2.5 2 0 4 0 0
-1215.2 -10680.6 -42.7 243 0 8.5 48.3 10.5 3.5 2 1 3 1 1
-4109.5 -7180.1 -38.8 297 0 32.9 60.1 10.0 0.0 0 1 4 4 4
-5057.7 -6696.5 -37.7 297 0 57.5 39.6 7.5 0.0 0 0 3 5 5
-3148.0 -7370.9 -33.5 331 0 88.5 93.5 10.0 0.0 0 1 4 5 5
-3147.0 -7161.1 -31.7 35 0 130.5 93.9 12.5 0.0 0 0 5 4 4
-4490.8 -6754.3 -38.2 296 0 13.3 57.4 10.0 2.5 4 1 4 1 1
-4887.7 -6375.5 -36.4 28 0 195.8 11.6 7.5 0.0 0 0 3 3 3
-3064.3 -7519.7 -33.9 332 0 16.5 83.0 5.0 2.5 2 1 2 1 1
-5490.4 -6996.0 -38.5 205 0 11.3 48.8 10.0 2.5 4 1 4 2 2
-5928.6 -8239.0 -47.2 327 0 17.9 108.8 10.0 0.0 0 1 4 2 2
-3099.3 -7461.7 -33.8 332 0 90.7 93.2 7.5 0.0 0 1 3 0 0
-6033.0 -8277.4 -47.3 146 0 17.5 109.1 7.5 0.0 0 1 3 1 1
-5347.2 -6758.1 -37.6 295 0 34.6 73.5 7.5 0.0 0 1 3 1 1
-2040.3 -9752.9 -42.9 61 0 17.4 57.4 10.0 0.0 0 1 4 5 5
-5251.1 -6707.3 -37.3 150 0 19.5 65.2 10.0 2.5 2 1 4 0 0
-4474.3 -7204.2 -40.7 116 0 14.3 78.3 10.0 2.5 2 1 4 5 5
-1194.4 -10670.1 -42.6 242 0 9.5 48.2 10.5 3.5 2 1 3 3 3
-2209.7 -9845.3 -44.1 61 0 17.0 58.7 10.0 2.5 2 1 4 1 1
-1072.2 -10845.9 -38.0 60 0 9.6 47.5 10.5 3.5 2 1 3 5 5
-1128.6 -10481.6 -48.9 336 0 40.0 25.4 10.0 0.0 0 0 4 4 4
-2105.4 -9635.1 -42.4 241 0 17.0 58.7 12.5 2.5 2 1 5 5 5
-3669.2 -9634.1 -47.4 317 0 61.9 112.0 15.0 0.0 0 1 6 1 1
-447.6 -11029.8 -39.4 20 0 41.3 29.6 14.0 0.0 0 0 4 3 3
-5532.1 -6390.9 -36.5 114 0 36.8 51.2 7.5 0.0 0 1 3 1 1
4193.7 -8696.7 62.3 183 0 26.7 12.4 7.5 0.0 0 0 3 4 4
4254.3 -8690.2 59.4 274 0 12.2 23.7 7.5 2.5 2 1 3 2 2
-5289.3 -6140.2 -34.4 116 0 17.1 87.0 10.0 0.0 0 1 4 2 2
-5255.9 -6155.8 -34.6 117 0 14.0 57.8 12.5 2.5 2 1 5 3 3
-5117.7 -6135.4 -34.2 24 0 26.6 27.8 12.5 0.0 0 1 5 3 3
-5175.3 -6256.5 -36.0 28 0 28.2 21.3 12.5 2.5 2 0 5 4 4
-5195.5 -6299.3 -36.4 36 0 20.7 15.0 10.0 2.5 2 0 4 5 5
-5204.2 -6318.0 -36.3 35 0 17.5 15.5 10.0 2.5 2 0 4 2 2
-5213.0 -6336.6 -36.2 35 0 18.4 15.9 7.5 0.0 0 0 3 2 2
-5222.5 -6356.4 -36.3 35 0 18.3 14.7 10.0 2.5 2 0 4 2 2
-5231.8 -6376.4 -36.3 36 0 19.3 15.5 10.0 2.5 2 0 4 2 2
-5281.9 -6378.0 -36.4 117 0 13.3 51.3 7.5 2.5 2 1 3 4 4
-5249.0 -6408.2 -36.4 28 0 19.7 53.0 7.5 2.5 2 1 3 3 3
-5250.1 -6180.0 -35.2 278 0 20.6 20.4 7.5 2.5 4 0 3 3 3
-5218.3 -6196.2 -35.4 310 0 20.7 21.1 15.0 0.0 0 1 6 0 0
-5218.9 -6220.3 -35.8 261 0 20.6 22.9 7.5 2.5 2 1 3 5 5
-5216.0 -6263.2 -36.2 25 0 22.8 21.4 10.0 2.5 2 0 4 3 3
-5251.7 -6219.7 -36.3 296 0 14.4 57.9 5.0 2.5 2 1 2 2 2
-5230.9 -6288.7 -36.4 26 0 16.1 37.5 10.0 2.5 2 1 4 1 1
-5247.6 -6315.3 -36.5 27 0 14.0 53.2 10.0 2.5 4 1 4 2 2
-5318.0 -6382.2 -36.4 116 0 14.7 71.9 12.5 2.5 2 1 5 2 2
-5340.5 -6345.5 -36.5 116 0 13.3 51.4 10.0 2.5 2 1 4 3 3
-5346.3 -6371.3 -36.4 116 0 37.5 16.0 10.0 2.5 2 0 4 0 0
-5374.7 -6355.2 -36.6 115 0 13.9 72.4 10.0 2.5 2 1 4 4 4
-5406.2 -6344.2 -36.4 116 0 36.9 16.4 7.5 2.5 2 0 3 1 1
-5448.6 -6323.9 -36.5 113 0 18.8 19.2 7.5 2.5 2 1 3 5 5
-5450.5 -6281.6 -36.7 205 0 33.5 13.0 7.5 2.5 2 0 3 1 1
-5434.9 -6239.9 -36.6 203 0 48.2 15.3 10.0 2.5 2 0 4 0 0
-5411.9 -6209.7 -35.9 208 0 19.6 19.3 12.5 2.5 2 0 5 2 2
-5409.8 -6249.4 -36.6 205 0 35.8 11.8 7.5 2.5 2 0 3 4 4
-5427.8 -6307.7 -36.7 113 0 11.2 38.1 10.0 2.5 2 1 4 4 4
-5397.6 -6319.6 -36.4 116 0 12.7 69.5 7.5 2.5 2 1 3 4 4
-5364.3 -6217.2 -36.1 205 0 50.7 20.3 7.5 2.5 2 0 3 5 5
-5319.7 -6142.2 -35.3 294 0 20.3 51.9 10.0 2.5 2 1 4 3 3
-5363.4 -6137.2 -34.9 203 0 55.2 11.7 7.5 2.5 2 0 3 2 2
-5383.6 -6184.1 -35.7 203 0 38.1 11.8 5.0 2.5 2 0 2 1 1
-5405.4 -6170.7 -35.6 204 0 46.7 13.3 7.5 2.5 2 0 3 1 1
-5384.7 -6122.1 -34.7 203 0 46.1 14.0 12.5 2.5 2 0 5 2 2
-5364.1 -6089.6 -34.0 204 0 13.9 21.5 7.5 0.0 0 1 3 1 1
-5337.2 -6075.1 -33.7 202 0 12.3 13.2 5.0 2.5 2 1 2 3 3
-5316.7 -6037.0 -33.4 204 0 53.7 12.2 10.0 2.5 2 0 4 4 4
-5354.7 -6062.1 -33.7 203 0 31.7 12.4 10.0 2.5 2 0 4 1 1
-5336.3 -6021.1 -33.2 205 0 47.9 13.5 7.5 2.5 4 0 3 3 3
-5315.2 -5970.6 -32.4 203 0 50.2 13.7 7.5 2.5 2 0 3 4 4
-5279.6 -5933.9 -31.7 294 0 18.2 19.1 10.0 2.5 2 1 4 5 5
-5276.9 -5958.7 -32.5 293 0 13.1 56.2 7.5 2.5 2 1 3 5 5
-5195.5 -5979.6 -33.0 295 0 12.7 80.4 10.0 2.5 2 1 4 2 2
-5131.3 -6089.1 -33.4 26 0 12.2 65.1 7.5 0.0 0 1 3 2 2
-5118.8 -6059.1 -33.0 26 0 10.8 52.3 7.5 2.5 2 1 3 3 3
-5167.0 -5990.9 -32.8 296 0 10.4 61.4 7.5 2.5 2 1 3 5 5
-5136.4 -6002.6 -32.4 294 0 54.0 10.7 12.5 2.5 2 0 5 5 5
-5246.5 -5799.1 -30.9 204 0 23.6 106.4 10.0 0.0 0 1 4 5 5
-5263.8 -5801.4 -31.8 17 0 14.7 80.7 10.0 2.5 2 1 4 3 3
-5392.3 -5769.8 -32.5 107 0 68.2 14.5 10.0 2.5 2 0 4 3 3
-5460.0 -5749.1 -32.5 108 0 62.7 14.0 7.5 2.5 2 0 3 1 1
-5536.5 -5873.1 -32.3 106 0 15.1 41.2 7.5 2.5 2 1 3 5 5
-5501.8 -5910.1 -32.0 108 0 108.3 14.0 7.5 2.5 2 0 3 2 2
-5434.3 -5925.2 -32.0 197 0 12.2 107.0 12.5 2.5 2 1 5 1 1
-5309.6 -5898.0 -31.6 295 0 14.3 42.3 7.5 2.5 2 1 3 1 1
-5279.1 -5828.6 -31.1 294 0 15.0 70.2 7.5 2.5 2 1 3 5 5
-5319.6 -5814.4 -31.2 287 0 13.7 72.6 7.5 2.5 2 1 3 4 4
-5354.8 -5927.5 -31.5 107 0 14.4 41.4 7.5 2.5 2 1 3 3 3
-5382.9 -5919.3 -31.5 108 0 10.3 41.4 7.5 2.5 2 1 3 1 1
-5350.8 -5799.0 -31.7 287 0 12.8 71.0 7.5 2.5 4 1 3 4 4
-5377.6 -5795.8 -31.8 288 0 14.3 71.4 5.0 2.5 4 1 2 5 5
-5413.6 -5909.7 -31.8 108 0 14.7 41.0 5.0 2.5 2 1 2 0 0
-5447.2 -5893.2 -31.9 107 0 9.9 36.8 7.5 2.5 2 1 3 4 4
-5434.5 -5838.3 -31.9 198 0 27.7 9.5 7.5 2.5 2 0 3 0 0
-5413.3 -5785.3 -32.1 287 0 9.4 41.8 7.5 2.5 2 1 3 0 0
-5444.3 -5776.1 -32.4 288 0 14.8 70.0 7.5 2.5 2 1 3 5 5
-5479.9 -5888.6 -32.1 108 0 15.3 42.0 12.5 2.5 2 1 5 0 0
-5495.5 -5861.5 -32.1 17 0 40.2 14.7 7.5 2.5 4 0 3 0 0
-5473.2 -5788.7 -32.5 17 0 43.8 14.6 10.0 2.5 2 0 4 3 3
-5484.4 -5824.4 -32.3 17 0 25.6 14.0 7.5 2.5 2 0 3 1 1
-5596.6 -5881.7 -32.7 115 0 10.8 67.9 10.0 2.5 4 1 4 5 5
-5534.5 -5740.3 -32.3 205 0 49.4 10.7 7.5 2.5 2 0 3 1 1
-5556.3 -5785.7 -32.6 205 0 45.8 11.3 10.0 2.5 2 0 4 0 0
-336.2 -11479.3 -41.0 294 0 154.0 125.3 17.5 0.0 0 0 5 5 5
-1461.0 -11979.6 -45.6 61 0 13.3 38.2 21.0 0.0 0 1 6 1 1
-1431.2 -11963.4 -45.0 60 0 11.0 37.8 21.0 0.0 0 1 6 0 0
-1506.7 -11936.0 -45.5 241 0 56.3 12.5 21.0 3.5 2 0 6 1 1
-1446.9 -11905.2 -44.7 243 0 55.9 12.2 21.0 3.5 2 0 6 4 4
-1381.5 -11991.2 -44.9 62 0 11.8 41.6 21.0 0.0 0 1 6 3 3
-1423.5 -11915.2 -45.0 243 0 12.1 37.8 21.0 0.0 0 1 6 2 2
-1394.0 -11902.4 -44.4 243 0 12.5 37.1 21.0 0.0 0 1 6 0 0
-1346.1 -11990.9 -44.8 61 0 13.6 56.3 21.0 3.5 2 1 6 4 4
-1151.0 -11981.3 -43.5 21 0 12.6 36.3 21.0 0.0 0 1 6 5 5
-994.2 -11986.4 -41.8 116 0 12.3 34.7 21.0 0.0 0 1 6 5 5
-1067.0 -11980.4 -42.4 115 0 11.5 56.8 21.0 3.5 2 1 6 4 4
-1240.1 -11910.5 -41.5 112 0 37.7 12.9 21.0 0.0 0 0 6 3 3
-1215.3 -11915.0 -42.0 201 0 12.5 37.9 21.0 0.0 0 1 6 5 5
-1222.7 -11820.8 -39.9 296 0 10.9 56.4 21.0 3.5 2 1 6 3 3
-1195.7 -11834.7 -40.0 292 0 12.9 55.1 21.0 3.5 2 1 6 0 0
-1191.1 -11898.6 -40.3 114 0 27.9 11.3 21.0 0.0 0 0 6 0 0
-1295.0 -11838.1 -40.5 243 0 11.3 57.5 21.0 3.5 2 1 6 4 4
-1259.6 -11803.2 -40.0 242 0 55.6 13.9 21.0 3.5 2 0 6 4 4
-1189.1 -11807.5 -40.0 294 0 57.1 14.1 21.0 3.5 2 0 6 3 3
-1131.1 -11832.5 -40.1 294 0 57.1 14.1 21.0 3.5 2 0 6 0 0
-1165.6 -11936.5 -42.0 112 0 12.9 37.4 21.0 0.0 0 1 6 0 0
-1133.3 -11860.4 -40.0 292 0 12.9 37.4 21.0 0.0 0 1 6 4 4
-1129.8 -11951.0 -42.4 112 0 12.9 37.4 21.0 0.0 0 1 6 5 5
-1099.4 -11875.0 -40.0 292 0 12.9 37.4 21.0 0.0 0 1 6 2 2
-1082.1 -11971.6 -42.9 25 0 13.7 37.1 21.0 0.0 0 1 6 4 4
-1054.5 -11908.8 -40.1 25 0 13.7 37.1 21.0 0.0 0 1 6 2 2
-1089.6 -11951.0 -42.0 115 0 11.2 28.8 21.0 0.0 0 1 6 0 0
-1064.3 -11862.0 -40.1 294 0 57.1 14.1 21.0 3.5 2 0 6 4 4
-1029.0 -11906.8 -40.2 23 0 37.2 11.2 21.0 0.0 0 0 6 5 5
-1163.9 -11849.9 -40.0 293 0 11.6 38.2 21.0 0.0 0 1 6 5 5
-750.9 -11989.0 -40.4 114 0 22.1 11.9 17.5 3.5 2 0 5 3 3
-1550.6 -11886.2 -43.6 59 0 12.4 56.6 21.0 3.5 2 1 6 1 1
-1520.5 -11870.1 -42.3 59 0 12.4 56.6 21.0 3.5 4 1 6 0 0
-1491.2 -11856.6 -41.3 59 0 12.4 56.6 21.0 3.5 2 1 6 0 0
-1559.5 -11762.5 -39.7 150 0 56.6 12.4 21.0 0.0 0 0 6 4 4
-1592.8 -11686.9 -39.8 59 0 12.4 56.6 21.0 3.5 2 1 6 1 1
-1672.4 -11698.2 -39.6 149 0 56.6 12.3 21.0 0.0 0 0 6 1 1
-1713.6 -11633.4 -39.5 149 0 56.6 12.3 21.0 3.5 2 0 6 1 1
-1712.6 -11564.8 -39.5 239 0 12.4 56.6 21.0 3.5 2 1 6 4 4
-1510.6 -11696.8 -39.8 239 0 12.4 56.6 21.0 3.5 2 1 6 4 4
-1549.8 -11690.7 -39.7 239 0 12.4 56.6 21.0 3.5 4 1 6 2 2
-1359.1 -11789.2 -39.9 59 0 12.4 56.6 21.0 3.5 2 1 6 2 2
-1333.4 -11771.4 -40.0 59 0 12.3 56.6 21.0 3.5 2 1 6 2 2
-1351.5 -11674.1 -40.1 329 0 56.6 12.3 21.0 3.5 4 0 6 3 3
-1464.3 -11663.6 -39.9 239 0 12.4 56.6 21.0 3.5 2 1 6 0 0
-1595.1 -11881.9 -44.9 148 0 65.4 11.8 21.0 3.5 2 0 6 2 2
-1532.9 -11902.9 -45.4 62 0 74.8 12.3 21.0 3.5 2 0 6 3 3
-1454.9 -11863.1 -42.3 62 0 74.0 13.6 21.0 0.0 0 0 6 3 3
-1439.7 -11827.3 -39.8 62 0 12.9 74.6 21.0 3.5 2 1 6 4 4
-1468.9 -11838.0 -39.9 62 0 10.6 42.2 21.0 0.0 0 1 6 1 1
-1634.8 -11818.2 -42.0 148 0 74.8 11.5 21.0 0.0 0 0 6 5 5
-1609.7 -11798.2 -40.6 148 0 75.0 11.8 21.0 3.5 2 0 6 1 1
-1590.8 -11773.3 -39.6 149 0 75.6 13.2 21.0 3.5 2 0 6 2 2
-1496.6 -11793.5 -39.7 65 0 28.3 10.8 21.0 0.0 0 0 6 5 5
-1501.2 -11751.1 -39.7 330 0 17.1 33.8 21.0 0.0 0 1 6 0 0
-1687.4 -11732.8 -39.5 147 0 55.1 10.9 21.0 0.0 0 0 6 5 5
-1720.0 -11678.5 -39.5 147 0 55.1 10.9 21.0 3.5 2 0 6 5 5
-1755.3 -11624.7 -39.6 147 0 55.1 10.9 21.0 3.5 2 0 6 0 0
-1653.9 -11745.3 -39.6 146 0 12.9 55.6 21.0 3.5 2 1 6 0 0
-1638.6 -11690.7 -39.6 148 0 39.6 12.5 21.0 0.0 0 0 6 3 3
-1576.7 -11708.5 -39.7 333 0 38.3 12.9 21.0 0.0 0 0 6 3 3
-1517.5 -11670.7 -39.8 332 0 38.3 12.6 21.0 0.0 0 0 6 3 3
-1546.1 -11669.1 -39.8 333 0 19.1 33.6 21.0 0.0 0 1 6 4 4
-1673.7 -11638.8 -39.7 139 0 36.7 14.1 21.0 0.0 0 0 6 3 3
-1664.8 -11575.8 -39.7 220 0 11.7 56.7 21.0 3.5 2 1 6 0 0
-1692.6 -11533.4 -39.1 237 0 11.2 42.0 21.0 0.0 0 1 6 5 5
-1747.3 -11600.1 -39.3 153 0 11.7 28.4 21.0 0.0 0 1 6 0 0
-1740.3 -11555.0 -39.8 242 0 56.8 13.4 21.0 3.5 4 0 6 5 5
-1385.9 -11805.3 -39.9 61 0 12.8 77.5 21.0 3.5 2 1 6 1 1
-1341.3 -11803.3 -39.9 62 0 70.3 11.5 21.0 3.5 2 0 6 0 0
-1278.6 -11768.3 -40.0 62 0 41.3 12.0 21.0 0.0 0 0 6 3 3
-1300.7 -11756.6 -40.1 54 0 11.4 57.0 21.0 3.5 2 1 6 3 3
-1292.7 -11702.9 -40.1 322 0 74.5 12.6 21.0 3.5 2 0 6 5 5
-1373.2 -11713.9 -39.9 330 0 14.0 36.2 21.0 0.0 0 1 6 2 2
-1402.4 -11681.1 -40.0 236 0 41.7 10.8 21.0 0.0 0 0 6 4 4
-1430.7 -11643.9 -40.0 235 0 15.7 35.6 21.0 0.0 0 1 6 0 0
-1399.8 -11623.4 -40.1 237 0 15.7 34.9 21.0 0.0 0 1 6 4 4
-1374.7 -11607.2 -40.1 233 0 15.5 77.4 21.0 3.5 2 1 6 0 0
-1635.5 -11554.3 -39.8 222 0 11.3 42.8 21.0 0.0 0 1 6 1 1
-1664.2 -11514.5 -39.3 235 0 11.2 42.8 21.0 0.0 0 1 6 1 1
-1553.8 -11611.2 -39.8 27 0 12.9 38.2 21.0 0.0 0 1 6 5 5
-1512.3 -11621.7 -39.9 14 0 12.5 36.9 21.0 0.0 0 1 6 4 4
-1519.5 -11587.1 -39.9 20 0 12.9 38.0 21.0 0.0 0 1 6 3 3
-1496.2 -11586.9 -40.0 15 0 38.9 12.4 21.0 0.0 0 0 6 2 2
-1510.6 -11557.5 -40.1 20 0 11.5 56.7 21.0 3.5 2 1 6 0 0
-1504.0 -11529.4 -40.1 21 0 13.3 38.0 21.0 0.0 0 1 6 0 0
-1479.4 -11501.2 -40.1 285 0 12.4 57.3 21.0 3.5 2 1 6 5 5
-1506.1 -11485.2 -40.2 291 0 27.6 11.8 21.0 0.0 0 0 6 2 2
-1555.2 -11459.6 -39.7 219 0 11.9 28.7 21.0 0.0 0 1 6 4 4
-1569.7 -11489.1 -39.9 220 0 11.0 29.4 21.0 0.0 0 1 6 4 4
-1624.7 -11519.4 -39.9 223 0 11.4 56.2 21.0 3.5 2 1 6 5 5
-1597.2 -11505.4 -39.7 223 0 11.4 28.5 21.0 0.0 0 1 6 0 0
-1610.7 -11483.3 -39.3 242 0 74.6 14.5 21.0 3.5 2 0 6 1 1
-1594.6 -11061.0 -43.6 150 0 88.1 17.3 70.0 3.5 2 0 20 2 2
-1873.6 -11431.8 -43.8 149 0 59.7 16.2 50.0 2.5 2 0 20 0 0
-1923.8 -11337.8 -45.2 238 0 15.8 57.5 50.0 2.5 2 1 20 1 1
-1986.2 -11252.6 -47.7 147 0 60.2 17.6 50.0 2.5 4 0 20 4 4
-2026.8 -11185.1 -49.1 149 0 59.2 17.4 50.0 2.5 2 0 20 1 1
-1988.5 -11112.1 -49.0 242 0 58.1 17.4 50.0 2.5 2 0 20 5 5
-1880.6 -11065.2 -47.6 153 0 18.2 62.1 50.0 0.0 0 1 20 3 3
-1783.3 -11000.4 -46.8 243 0 58.6 19.7 50.0 2.5 2 0 20 0 0
-1696.7 -11058.6 -45.5 332 0 90.2 17.1 50.0 2.5 2 0 20 2 2
-1622.6 -11196.0 -42.4 333 0 59.1 17.6 50.0 2.5 2 0 20 1 1
-1665.2 -11395.2 -40.7 61 0 56.5 15.7 50.0 2.5 2 0 20 4 4
-1531.3 -11170.0 -40.8 152 0 35.9 15.0 70.0 0.0 0 0 20 1 1
-1644.6 -10949.5 -44.9 241 0 16.5 61.0 70.0 3.5 2 1 20 4 4
-1601.1 -10908.6 -44.9 242 0 60.8 18.8 70.0 0.0 0 0 20 3 3
-1474.1 -10842.9 -43.5 244 0 63.3 18.5 70.0 3.5 2 0 20 5 5
-1406.3 -10806.5 -42.8 241 0 60.2 19.3 70.0 3.5 2 0 20 4 4
-1322.7 -10824.7 -41.7 332 0 59.7 19.9 70.0 3.5 4 0 20 2 2
-1351.3 -11229.5 -39.2 62 0 36.8 16.0 70.0 0.0 0 0 20 3 3
-1338.8 -11202.5 -39.0 62 0 32.9 15.1 70.0 0.0 0 0 20 5 5
-1277.9 -11151.8 -39.2 63 0 34.1 14.8 70.0 0.0 0 0 20 1 1
-1225.8 -11123.9 -39.4 61 0 34.3 15.1 70.0 0.0 0 0 20 5 5
-1195.9 -11060.6 -39.2 331 0 35.3 14.7 70.0 0.0 0 0 20 5 5
-1224.6 -11009.8 -38.3 332 0 35.6 14.8 70.0 0.0 0 0 20 0 0
-1353.7 -11462.2 -40.5 143 0 56.7 13.4 21.0 3.5 2 0 6 4 4
-1315.6 -11512.4 -40.4 144 0 57.0 12.5 21.0 3.5 2 0 6 5 5
-1318.1 -11469.3 -40.5 115 0 11.1 28.6 21.0 0.0 0 1 6 2 2
-1338.9 -11438.0 -40.6 107 0 11.6 28.6 21.0 0.0 0 1 6 0 0
-1296.5 -11498.1 -40.5 117 0 16.6 35.7 21.0 0.0 0 1 6 0 0
-1275.2 -11528.6 -40.6 123 0 11.1 57.7 21.0 3.5 4 1 6 3 3
-1270.9 -11456.5 -40.7 107 0 17.3 36.9 21.0 0.0 0 1 6 1 1
-1293.5 -11386.9 -40.6 274 0 17.1 36.8 21.0 3.5 4 1 6 0 0
-1293.3 -11349.4 -40.8 270 0 13.7 31.6 21.0 0.0 0 1 6 2 2
-1328.6 -11367.6 -40.7 272 0 17.7 36.5 21.0 3.5 4 1 6 4 4
-1260.9 -11368.1 -40.7 272 0 16.7 36.2 21.0 3.5 2 1 6 4 4
-1262.0 -11330.6 -40.8 271 0 12.4 32.2 21.0 0.0 0 1 6 4 4
-1368.4 -11398.8 -40.7 184 0 30.9 13.7 21.0 0.0 0 0 6 3 3
-1351.9 -11347.2 -40.7 243 0 43.9 12.4 21.0 0.0 0 0 6 2 2
-1305.5 -11323.6 -40.9 244 0 45.1 12.6 21.0 0.0 0 0 6 0 0
-1259.0 -11299.1 -41.1 242 0 44.1 14.3 21.0 3.5 2 0 6 5 5
-1225.0 -11383.8 -40.7 274 0 12.4 38.0 21.0 0.0 0 1 6 2 2
-1230.2 -11323.0 -40.8 262 0 11.9 47.4 21.0 0.0 0 1 6 3 3
-1157.8 -11446.4 -40.7 12 0 12.0 42.3 21.0 0.0 0 1 6 3 3
-1148.7 -11417.0 -40.8 12 0 11.8 42.1 21.0 0.0 0 1 6 1 1
-1260.1 -11566.9 -40.5 127 0 13.4 38.0 21.0 0.0 0 1 6 2 2
-1233.0 -11531.6 -40.6 120 0 13.3 38.3 21.0 0.0 0 1 6 4 4
-1198.0 -11475.6 -40.7 18 0 39.0 14.5 21.0 0.0 0 0 6 3 3
-1216.1 -11650.3 -40.3 144 0 39.3 13.1 21.0 0.0 0 0 6 3 3
-1248.3 -11607.5 -40.4 144 0 56.9 13.1 21.0 3.5 4 0 6 1 1
-1185.1 -11624.2 -40.4 49 0 12.4 43.0 21.0 0.0 0 1 6 5 5
-1228.1 -11582.4 -40.6 125 0 13.1 57.5 21.0 3.5 2 1 6 4 4
-1189.6 -11353.5 -40.8 270 0 11.3 43.8 21.0 0.0 0 1 6 5 5
-1199.3 -11295.9 -40.9 258 0 12.1 46.5 21.0 0.0 0 1 6 3 3
-1158.3 -11342.1 -40.9 268 0 12.4 57.4 21.0 0.0 0 1 6 0 0
-1171.5 -11280.5 -41.0 256 0 11.4 55.8 21.0 3.5 2 1 6 4 4
-1125.2 -11389.3 -41.1 91 0 12.0 57.1 21.0 3.5 2 1 6 2 2
-1139.5 -11277.6 -41.0 254 0 11.8 48.0 21.0 0.0 0 1 6 1 1
-1174.3 -11505.1 -40.7 22 0 57.1 12.8 21.0 3.5 2 0 6 5 5
-1173.8 -11582.2 -40.5 27 0 36.4 17.7 21.0 3.5 2 0 6 0 0
-1154.2 -11539.3 -40.6 22 0 36.8 14.0 21.0 0.0 0 0 6 0 0
-1136.6 -11494.5 -40.7 19 0 43.2 11.8 21.0 0.0 0 0 6 2 2
-1088.7 -11461.8 -40.8 12 0 11.6 56.6 21.0 3.5 2 1 6 1 1
-1095.2 -11428.8 -40.8 10 0 10.8 42.1 21.0 0.0 0 1 6 3 3
-1089.9 -11390.1 -41.0 20 0 42.1 11.3 21.0 0.0 0 0 6 5 5
-1090.9 -11325.7 -41.0 272 0 16.2 35.2 21.0 0.0 0 1 6 5 5
-1094.0 -11296.9 -41.1 339 0 36.2 11.3 21.0 0.0 0 0 6 1 1
-1061.2 -11409.0 -41.0 24 0 57.1 13.2 21.0 3.5 2 0 6 5 5
-1032.7 -11333.2 -41.1 293 0 12.9 38.2 21.0 0.0 0 1 6 3 3
-1047.7 -11303.1 -41.1 328 0 37.5 11.2 21.0 0.0 0 0 6 2 2
-1075.7 -11258.4 -41.2 327 0 56.5 11.6 21.0 3.5 2 0 6 2 2
-1160.0 -11637.0 -40.5 23 0 76.9 12.2 21.0 3.5 2 0 6 0 0
-1130.6 -11569.1 -40.6 23 0 57.0 12.1 21.0 3.5 2 0 6 0 0
-1105.5 -11510.9 -40.8 24 0 56.2 12.2 21.0 3.5 2 0 6 0 0
-1187.6 -11262.0 -41.2 243 0 45.3 13.3 21.0 3.5 2 0 6 2 2
-1139.4 -11235.9 -41.3 241 0 44.1 13.3 21.0 0.0 0 0 6 3 3
-1056.4 -11478.6 -40.9 204 0 70.4 16.3 21.0 3.5 2 0 6 2 2
-1023.1 -11395.4 -41.1 203 0 74.1 13.9 21.0 3.5 2 0 6 2 2
-953.0 -11385.9 -41.1 293 0 65.0 14.0 21.0 3.5 2 0 6 0 0
-1003.4 -11458.2 -41.1 113 0 14.0 62.6 21.0 3.5 2 1 6 1 1
-959.4 -11447.0 -41.1 113 0 13.5 35.8 21.0 0.0 0 1 6 0 0
-1078.5 -11726.7 -40.4 204 0 44.1 14.8 21.0 3.5 2 0 6 1 1
-1045.2 -11760.5 -40.5 115 0 14.7 59.7 21.0 0.0 0 1 6 3 3
-1004.9 -11641.3 -40.6 282 0 13.0 58.5 21.0 3.5 2 1 6 3 3
-820.8 -11655.8 -40.8 294 0 15.7 41.4 21.0 3.5 2 1 6 4 4
-786.2 -11658.2 -40.9 293 0 16.4 52.2 21.0 3.5 2 1 6 4 4
-756.1 -11663.4 -40.9 293 0 12.4 63.9 21.0 3.5 2 1 6 4 4
-1013.0 -11782.2 -40.5 115 0 14.1 50.2 21.0 3.5 2 1 6 3 3
-1087.9 -11701.9 -40.5 22 0 73.6 13.7 21.0 3.5 2 0 6 0 0
-1057.3 -11604.3 -40.7 19 0 80.8 14.7 21.0 3.5 2 0 6 0 0
-1024.8 -11578.6 -40.8 200 0 58.1 13.8 21.0 3.5 2 0 6 0 0
-995.1 -11626.5 -40.9 114 0 15.4 60.0 21.0 3.5 2 1 6 2 2
-943.0 -11618.1 -40.8 24 0 44.5 11.9 21.0 0.0 0 0 6 4 4
-930.8 -11579.2 -41.0 114 0 11.5 43.7 21.0 0.0 0 1 6 0 0
-896.4 -11589.8 -41.0 114 0 13.5 41.7 21.0 0.0 0 1 6 4 4
-870.4 -11603.9 -41.0 117 0 13.7 38.2 21.0 0.0 0 1 6 4 4
-841.7 -11618.7 -41.0 115 0 14.5 35.5 21.0 0.0 0 1 6 2 2
-816.8 -11637.6 -41.0 114 0 14.2 46.7 21.0 3.5 2 1 6 3 3
-768.5 -11625.6 -41.0 25 0 38.6 14.1 21.0 0.0 0 0 6 0 0
-751.2 -11631.0 -41.0 203 0 30.5 12.9 21.0 0.0 0 0 6 2 2
-737.0 -11714.9 -40.9 24 0 60.5 13.3 21.0 3.5 2 0 6 3 3
-710.4 -11655.0 -40.9 26 0 47.7 12.3 21.0 0.0 0 0 6 3 3
-993.6 -11512.7 -40.9 225 0 25.2 15.9 21.0 0.0 0 0 6 0 0
-933.1 -11490.0 -41.0 270 0 23.1 17.2 21.0 0.0 0 0 6 5 5
-875.8 -11511.5 -41.0 300 0 40.0 11.9 21.0 0.0 0 0 6 4 4
-827.3 -11540.9 -41.0 298 0 35.3 11.0 21.0 0.0 0 0 6 1 1
-783.7 -11554.9 -41.1 278 0 38.4 14.3 21.0 0.0 0 0 6 4 4
-858.3 -11499.4 -41.2 114 0 14.5 40.5 21.0 0.0 0 1 6 4 4
-830.8 -11517.3 -41.2 115 0 14.1 39.2 21.0 0.0 0 1 6 1 1
-803.8 -11529.7 -41.3 114 0 13.1 47.3 21.0 3.5 2 1 6 5 5
-771.7 -11538.4 -41.3 109 0 12.8 39.5 21.0 0.0 0 1 6 3 3
-789.4 -11457.1 -41.2 295 0 32.1 13.4 21.0 0.0 0 0 6 1 1
-691.5 -11503.9 -41.0 294 0 11.7 47.4 21.0 0.0 0 1 6 1 1
-698.1 -11598.9 -40.9 115 0 19.5 67.7 21.0 3.5 2 1 6 2 2
-951.8 -11813.6 -40.5 114 0 77.0 24.7 63.0 0.0 0 0 18 2 2
-869.8 -11849.9 -40.5 114 0 77.0 24.7 63.0 0.0 0 0 18 2 2
-776.9 -11793.2 -40.8 25 0 82.9 25.1 63.0 0.0 0 0 18 3 3
-669.6 -11662.2 -40.7 202 0 28.7 28.2 73.5 0.0 0 0 21 1 1
-631.9 -11578.3 -40.7 202 0 28.7 28.2 73.5 0.0 0 0 21 0 0
-629.9 -11730.9 -40.7 112 0 28.2 28.7 73.5 0.0 0 1 21 1 1
-555.3 -11562.0 -40.8 292 0 28.2 28.7 73.5 0.0 0 1 21 3 3
-533.9 -11784.6 -41.2 109 0 136.9 20.0 21.0 0.0 0 0 6 2 2
-532.7 -11762.6 -40.7 109 0 126.9 20.0 7.0 0.0 0 0 2 3 3
-485.2 -11710.7 -40.8 109 0 122.5 23.4 17.5 0.0 0 0 5 2 2
-493.2 -11744.5 -40.9 108 0 120.8 14.8 17.5 0.0 0 0 5 3 3
-566.7 -11719.2 -40.7 109 0 13.0 30.1 17.5 3.5 2 1 5 0 0
-555.7 -11685.5 -40.7 109 1 10.9 22.7 17.5 3.5 2 1 5 2 2
-499.5 -11576.6 -40.8 293 0 40.6 12.9 21.0 0.0 0 0 6 2 2
-468.7 -11593.9 -40.8 294 0 26.0 25.3 21.0 0.0 0 0 6 1 1
-506.0 -11639.8 -40.8 291 0 13.5 22.2 7.0 3.5 2 1 2 5 5
-647.7 -11761.6 -40.6 289 0 46.1 9.6 10.5 3.5 2 0 3 5 5
-550.5 -11795.9 -41.3 290 0 151.2 10.9 14.0 0.0 0 0 4 3 3
-449.5 -11831.8 -41.7 288 0 52.5 12.9 14.0 3.5 2 0 4 4 4
-754.0 -11851.5 -40.7 203 0 70.4 9.1 10.5 3.5 4 0 3 4 4
-706.4 -11752.6 -40.6 293 0 11.4 68.4 14.0 3.5 2 1 4 1 1
-708.5 -11826.3 -40.5 201 0 33.9 10.9 21.0 0.0 0 0 6 3 3
-680.2 -11769.3 -40.5 292 0 11.7 40.0 21.0 0.0 0 1 6 0 0
-702.6 -11913.8 -40.6 112 0 10.9 74.0 21.0 3.5 2 1 6 1 1
-669.6 -11927.6 -40.5 112 1 10.0 23.5 21.0 0.0 0 1 6 2 2
-639.5 -11792.5 -40.6 226 0 11.3 28.0 21.0 0.0 0 1 6 0 0
-592.0 -11823.1 -40.6 299 0 51.4 12.0 21.0 3.5 2 0 6 3 3
-514.5 -11851.2 -41.2 8 0 11.8 53.4 21.0 3.5 2 1 6 2 2
-483.3 -11850.2 -41.5 355 0 11.6 28.2 21.0 0.0 0 1 6 4 4
-663.1 -11902.9 -40.5 110 0 10.9 23.2 21.0 0.0 0 1 6 3 3
-660.8 -11799.9 -40.5 255 0 12.4 53.5 21.0 3.5 2 1 6 2 2
-531.8 -11908.8 -41.2 356 0 10.8 56.9 21.0 3.5 2 1 6 3 3
-709.5 -11928.1 -40.7 114 0 133.3 8.9 7.0 3.5 2 0 2 2 2
-544.2 -11986.4 -41.3 293 0 99.5 16.2 14.0 0.0 0 0 4 3 3
-556.6 -11975.9 -41.4 113 0 10.7 45.1 17.5 3.5 2 1 5 5 5
-451.6 -11923.9 -41.9 108 0 10.7 64.2 17.5 3.5 2 1 5 4 4
-406.6 -11864.2 -42.1 289 0 8.9 80.3 10.5 3.5 2 1 3 1 1
-669.6 -11662.2 -40.7 202 0 28.7 28.2 73.5 0.0 0 0 21 2 2
-631.9 -11578.3 -40.7 202 0 28.7 28.2 73.5 0.0 0 0 21 2 2
-629.9 -11730.9 -40.7 112 0 28.2 28.7 73.5 0.0 0 1 21 4 4
-555.3 -11562.0 -40.8 292 0 28.2 28.7 73.5 0.0 0 1 21 5 5
-533.9 -11784.6 -41.2 109 0 136.9 20.0 21.0 0.0 0 0 6 1 1
-532.7 -11762.6 -40.7 109 0 126.9 20.0 7.0 0.0 0 0 2 3 3
-485.2 -11710.7 -40.8 109 0 122.5 23.4 17.5 0.0 0 0 5 2 2
-493.2 -11744.5 -40.9 108 0 120.8 14.8 17.5 0.0 0 0 5 1 1
-566.7 -11719.2 -40.7 109 0 13.0 30.1 17.5 3.5 2 1 5 3 3
-555.7 -11685.5 -40.7 109 1 10.9 22.7 17.5 3.5 2 1 5 2 2
-499.5 -11576.6 -40.8 293 0 40.6 12.9 21.0 0.0 0 0 6 2 2
-468.7 -11593.9 -40.8 294 0 26.0 25.3 21.0 0.0 0 0 6 5 5
-506.0 -11639.8 -40.8 291 0 13.5 22.2 7.0 3.5 2 1 2 5 5
-647.7 -11761.6 -40.6 289 0 46.1 9.6 10.5 3.5 2 0 3 5 5
-550.5 -11795.9 -41.3 290 0 151.2 10.9 14.0 0.0 0 0 4 3 3
-449.5 -11831.8 -41.7 288 0 52.5 12.9 14.0 3.5 2 0 4 4 4
-754.0 -11851.5 -40.7 203 0 70.4 9.1 10.5 3.5 2 0 3 1 1
-706.4 -11752.6 -40.6 293 0 11.4 68.4 17.5 0.0 0 1 5 2 2
-708.5 -11826.3 -40.5 201 0 33.9 10.9 17.5 3.5 2 0 5 3 3
-680.2 -11769.3 -40.5 292 0 11.7 40.0 17.5 3.5 2 1 5 2 2
-702.6 -11913.8 -40.6 112 0 10.9 74.0 17.5 3.5 2 1 5 3 3
-669.6 -11927.6 -40.5 112 1 10.0 23.5 17.5 3.5 2 1 5 2 2
-639.5 -11792.5 -40.6 226 0 11.3 28.0 17.5 3.5 2 1 5 0 0
-592.0 -11823.1 -40.6 299 0 51.4 12.0 17.5 3.5 4 0 5 4 4
-514.5 -11851.2 -41.2 8 0 11.8 53.4 17.5 3.5 2 1 5 1 1
-483.3 -11850.2 -41.5 355 0 11.6 28.2 17.5 3.5 4 1 5 4 4
-663.1 -11902.9 -40.5 110 0 10.9 23.2 17.5 3.5 2 1 5 4 4
-660.8 -11799.9 -40.5 255 0 12.4 53.5 17.5 3.5 2 1 5 1 1
-531.8 -11908.8 -41.2 356 0 10.8 56.9 17.5 3.5 4 1 5 5 5
-709.5 -11928.1 -40.7 114 0 133.3 8.9 7.0 3.5 2 0 2 4 4
-544.2 -11986.4 -41.3 293 0 99.5 16.2 14.0 0.0 0 0 4 0 0
-556.6 -11975.9 -41.4 113 0 10.7 45.1 17.5 3.5 2 1 5 5 5
-451.6 -11923.9 -41.9 108 0 10.7 64.2 17.5 3.5 2 1 5 3 3
-406.6 -11864.2 -42.1 289 0 8.9 80.3 10.5 3.5 2 1 3 5 5
-4350.4 9850.2 -131.2 216 0 49.5 20.2 10.0 2.5 2 0 4 1 1
-5254.5 10137.9 -137.7 347 0 62.0 39.9 14.0 0.0 0 0 4 3 3
-5130.1 10196.1 -136.3 109 0 22.5 19.6 14.0 3.5 2 0 4 2 2
-5094.3 10129.4 -135.9 233 0 12.9 7.6 10.5 0.0 0 0 3 5 5
-448.6 -9829.3 -41.4 250 0 31.2 14.1 17.5 0.0 0 0 5 0 0
1871.3 -9021.2 120.8 97 0 12.8 18.1 14.0 3.5 2 1 4 3 3
1870.9 -9050.1 118.9 285 0 13.2 23.1 14.0 3.5 2 1 4 5 5
