-1630.4 5730.7 -27.1 286 0 20.9 53.5 21.0 3.5 2 1 6 0 0
-2276.6 5287.1 -26.7 282 0 33.6 21.7 14.0 0.0 0 0 4 0 0
-1479.1 5645.9 -25.6 286 0 20.3 54.5 21.0 0.0 0 1 6 5 5
-1517.8 5658.2 -25.6 287 0 20.0 55.5 21.0 3.5 2 1 6 4 4
-1501.4 5724.6 -27.0 287 0 19.6 53.8 21.0 3.5 2 1 6 1 1
-1462.2 5713.2 -26.3 286 0 19.9 54.0 21.0 3.5 2 1 6 4 4
-1589.5 5720.3 -26.8 287 0 21.2 54.0 21.0 3.5 2 1 6 5 5
-1548.2 5680.0 -26.9 17 0 54.6 19.5 21.0 3.5 2 0 6 5 5
-1717.9 5728.1 -27.2 108 0 19.9 55.0 21.0 3.5 2 1 6 0 0
-1739.7 5793.1 -27.4 287 0 20.3 55.0 21.0 3.5 2 1 6 1 1
-1779.5 5804.8 -27.5 287 0 19.2 54.5 21.0 3.5 2 1 6 3 3
-1833.0 5793.0 -27.5 286 0 17.2 57.7 21.0 3.5 2 1 6 1 1
-1908.7 5815.9 -27.7 287 0 17.1 58.7 21.0 3.5 2 1 6 0 0
-1710.1 5710.6 -27.0 285 0 21.3 54.3 21.0 3.5 4 1 6 3 3
-1748.5 5721.7 -27.1 286 0 19.6 53.9 21.0 3.5 2 1 6 3 3
-1787.4 5732.9 -27.3 286 0 18.8 53.7 21.0 3.5 2 1 6 1 1
-1581.5 5615.2 -25.9 287 0 19.6 58.0 21.0 3.5 2 1 6 5 5
-1621.0 5627.0 -25.8 287 0 20.8 58.1 21.0 3.5 2 1 6 2 2
-1659.4 5638.6 -26.6 287 0 20.5 58.8 21.0 3.5 2 1 6 0 0
-1664.1 5750.8 -27.1 18 0 21.0 26.1 3.5 3.5 2 1 1 0 0
-1629.8 5738.6 -26.9 108 0 48.0 21.6 17.5 3.5 2 0 5 2 2
-2646.0 5740.5 -29.2 18 0 82.1 118.7 14.0 0.0 0 1 4 4 4
-155.7 4866.3 -22.1 16 0 72.2 18.3 14.0 3.5 2 0 4 4 4
-232.8 4626.6 -21.0 106 0 22.3 80.6 17.5 0.0 0 1 5 0 0
-1974.2 5643.1 -27.6 16 0 87.2 43.9 17.5 0.0 0 0 5 2 2
-1648.9 5545.9 -25.9 106 0 101.8 21.8 17.5 0.0 0 0 5 2 2
-1209.5 6014.2 -26.9 187 0 110.0 128.2 17.5 0.0 0 1 5 3 3
-1044.3 5673.3 -24.8 87 0 11.2 35.7 14.0 3.5 2 1 4 5 5
-2072.0 5804.5 -28.0 286 0 5.9 13.6 10.5 0.0 0 1 3 4 4
-1874.3 5731.2 -27.5 106 0 27.1 7.8 10.5 3.5 2 0 3 4 4
-1417.9 5063.0 -23.6 287 0 11.8 84.2 17.5 3.5 2 1 5 3 3
-1389.8 5158.0 -23.7 287 0 11.4 69.2 17.5 3.5 4 1 5 1 1
-1439.9 5117.6 -23.8 14 0 47.2 11.8 17.5 3.5 2 0 5 4 4
-1460.7 5175.3 -24.0 286 0 10.9 71.3 17.5 3.5 2 1 5 3 3
-1452.5 5066.5 -23.7 14 0 29.6 13.0 17.5 3.5 2 0 5 2 2
-1484.9 5067.5 -23.8 106 0 11.8 29.6 17.5 0.0 0 1 5 1 1
-1460.4 5027.8 -23.6 288 0 6.8 38.7 10.5 3.5 2 1 3 0 0
-1496.4 5028.5 -23.8 286 0 11.5 29.2 17.5 3.5 2 1 5 2 2
-1521.1 5058.2 -23.9 107 0 11.8 55.8 17.5 0.0 0 1 5 1 1
-1484.9 5181.0 -24.1 285 0 13.9 56.4 17.5 0.0 0 1 5 5 5
-1550.6 5067.5 -24.0 107 0 13.3 71.3 17.5 3.5 2 1 5 3 3
-1528.0 5037.4 -23.9 287 0 11.0 28.9 17.5 3.5 2 1 5 5 5
-1511.8 5204.9 -24.2 286 0 12.8 52.7 17.5 3.5 2 1 5 2 2
-1467.0 5242.5 -24.1 285 0 13.5 30.2 17.5 0.0 0 1 5 5 5
-1580.1 5075.4 -24.2 106 0 12.2 71.5 17.5 3.5 2 1 5 1 1
-1580.8 5057.0 -24.1 287 0 13.5 28.0 17.5 3.5 2 1 5 0 0
-1557.0 5045.8 -24.0 287 0 11.2 30.1 17.5 3.5 2 1 5 5 5
-1547.8 5191.4 -24.3 284 0 12.5 30.8 17.5 3.5 2 1 5 2 2
-1557.5 5269.5 -24.5 286 0 12.8 46.4 17.5 3.5 2 1 5 2 2
-1527.2 5258.1 -24.4 286 0 12.4 28.3 17.5 3.5 2 1 5 4 4
-1505.3 5221.4 -24.2 105 0 12.9 28.6 17.5 3.5 2 1 5 5 5
-1840.1 5299.3 -25.4 285 0 12.8 67.0 14.0 3.5 2 1 4 1 1
-1972.1 5307.5 -25.8 198 0 8.8 50.6 10.5 0.0 0 1 3 1 1
-1660.7 5114.4 -24.5 16 0 28.6 11.8 14.0 3.5 2 0 4 4 4
-1687.4 5282.3 -24.9 288 0 11.9 30.4 14.0 3.5 2 1 4 5 5
-1655.0 5272.6 -24.8 16 0 47.4 12.3 14.0 3.5 2 0 4 3 3
-1727.9 5119.1 -24.7 107 0 12.1 46.8 14.0 3.5 2 1 4 3 3
-1706.1 5197.4 -24.8 246 0 12.3 28.0 14.0 3.5 2 1 4 4 4
-1698.2 5110.5 -24.6 106 0 11.4 47.6 14.0 0.0 0 1 4 2 2
-1755.7 5158.0 -24.8 198 0 30.1 11.7 14.0 3.5 2 0 4 0 0
-1680.5 5087.4 -24.4 285 0 11.3 27.9 14.0 3.5 2 1 4 3 3
-1710.4 5097.0 -24.6 288 0 12.5 27.6 14.0 3.5 2 1 4 5 5
-1739.7 5105.9 -24.7 287 0 11.2 28.7 14.0 0.0 0 1 4 0 0
-1771.2 5112.3 -24.8 286 0 11.5 27.6 14.0 3.5 2 1 4 1 1
-1800.3 5123.7 -24.9 284 0 11.3 28.0 14.0 3.5 2 1 4 1 1
-1772.6 5163.9 -24.9 16 0 47.3 11.4 14.0 3.5 2 0 4 3 3
-1739.9 5202.4 -24.9 246 0 12.0 24.5 14.0 3.5 4 1 4 2 2
-1707.8 5226.1 -24.9 245 0 46.5 11.3 14.0 3.5 2 0 4 1 1
-1754.9 5220.5 -25.0 17 0 29.7 11.6 14.0 0.0 0 0 4 0 0
-1830.7 5132.3 -25.0 286 0 12.9 27.4 14.0 3.5 2 1 4 2 2
-1861.0 5141.6 -25.1 286 0 12.0 27.3 14.0 3.5 2 1 4 3 3
-1383.8 5066.0 -23.5 287 0 12.5 97.9 17.5 3.5 2 1 5 1 1
-1721.5 5270.1 -25.0 286 0 12.1 32.0 14.0 3.5 2 1 4 3 3
-1753.9 5273.1 -25.1 287 0 12.8 28.9 14.0 3.5 2 1 4 2 2
-1366.3 5224.5 -23.9 333 0 40.1 19.3 42.0 3.5 2 0 12 2 2
-1354.0 5226.8 -23.8 333 0 33.1 12.0 10.5 3.5 2 0 3 2 2
904.8 6263.3 -29.3 287 0 12.1 52.1 14.0 0.0 0 1 4 4 4
846.2 6279.3 -29.8 285 0 13.1 62.3 14.0 3.5 2 1 4 5 5
865.6 6089.2 -28.4 288 0 13.5 62.0 17.5 3.5 2 1 5 4 4
940.6 6112.2 -28.4 87 0 12.8 70.1 14.0 0.0 0 1 4 0 0
927.7 6075.3 -28.4 288 0 11.9 62.7 17.5 3.5 2 1 5 2 2
508.0 6385.3 -29.7 285 0 6.7 187.7 10.5 3.5 2 0 3 5 5
796.2 6077.7 -28.3 211 0 61.2 12.1 17.5 3.5 2 0 5 2 2
1007.7 6234.2 -28.5 285 0 12.6 59.7 14.0 3.5 2 1 4 5 5
984.2 6005.2 -28.4 73 0 14.7 57.6 17.5 3.5 2 1 5 1 1
1043.5 6199.5 -28.4 200 0 50.1 12.7 17.5 3.5 2 0 5 0 0
860.7 6170.0 -28.4 213 0 59.0 15.4 14.0 3.5 2 0 4 5 5
492.4 6207.6 -28.8 238 0 18.8 52.0 17.5 3.5 2 1 5 0 0
239.2 6519.0 -29.4 279 0 9.0 42.0 10.5 3.5 2 1 3 3 3
206.0 6430.8 -29.1 196 0 77.2 31.9 14.0 0.0 0 0 4 2 2
178.9 6339.0 -28.6 196 0 80.6 34.1 14.0 0.0 0 0 4 1 1
153.1 6260.8 -28.2 197 0 40.9 72.2 14.0 0.0 0 1 4 3 3
377.1 6308.5 -28.8 15 0 108.2 107.9 14.0 0.0 0 0 4 5 5
291.8 6202.3 -28.4 104 0 108.4 56.9 14.0 0.0 0 0 4 4 4
448.6 6192.9 -28.5 197 0 18.9 15.0 17.5 3.5 2 0 5 5 5
479.2 6141.0 -28.4 115 0 16.8 17.3 17.5 3.5 2 1 5 2 2
-1953.6 3123.5 -4.8 56 0 10.8 3.5 10.5 3.5 2 0 3 5 5
-2077.3 2349.3 -18.4 89 0 10.1 60.5 14.0 0.0 0 1 4 0 0
-2060.9 2357.0 -18.4 92 0 8.7 28.9 10.5 3.5 4 1 3 5 5
-2031.9 2407.8 -18.1 301 0 9.5 25.1 12.0 3.5 2 1 3 2 2
-2109.3 2573.2 -15.8 90 0 9.6 23.9 10.5 3.5 2 1 3 2 2
-2398.4 3363.9 -12.3 273 0 50.7 26.5 3.5 0.0 0 0 1 4 4
4673.6 -10939.7 -0.1 219 0 18.9 30.9 17.5 3.5 4 1 5 1 1
4654.5 -11123.6 -1.4 40 0 73.2 22.7 17.5 0.0 0 0 5 1 1
4600.8 -10996.5 -0.9 218 0 15.3 19.5 17.5 3.5 4 1 5 1 1
4710.3 -10965.1 -0.3 309 0 11.7 63.6 17.5 3.5 4 1 5 3 3
4667.8 -10916.1 -0.0 221 0 16.6 11.8 17.5 3.5 4 0 5 1 1
-2382.2 6187.9 -29.3 14 0 50.4 11.4 10.5 0.0 0 0 3 3 3
-1611.8 5057.2 -24.2 287 0 3.6 24.0 10.5 3.5 2 1 3 5 5
-272.1 -4689.0 -3.2 202 0 67.9 29.4 17.5 0.0 0 0 5 4 4
-400.1 -4653.7 -3.0 187 0 29.1 119.4 14.0 0.0 0 1 4 2 2
-2437.8 5581.7 -28.3 11 0 26.5 39.1 17.5 0.0 0 1 5 3 3
103.3 -4733.4 -5.0 110 0 14.5 27.9 14.0 3.5 2 0 4 5 5
-72.1 -4616.9 -2.3 201 0 25.2 26.5 14.0 0.0 0 1 4 4 4
-45.8 -4562.3 -2.1 295 0 23.0 32.8 14.0 0.0 0 1 4 3 3
3575.0 6344.7 31.6 237 0 36.3 17.4 14.0 3.5 2 0 4 4 4
3560.6 6302.3 28.2 335 0 28.2 17.5 17.5 3.5 2 0 5 5 5
3543.7 6269.1 22.9 62 0 17.4 50.2 17.5 3.5 2 1 5 1 1
3612.5 6334.7 34.4 142 0 27.2 12.7 17.5 0.0 0 0 5 1 1
4629.2 6200.9 13.0 192 0 26.3 67.2 14.0 0.0 0 1 4 5 5
4793.2 6161.1 1.0 11 0 36.7 97.4 14.0 0.0 0 1 4 4 4
4750.6 6209.9 6.7 280 0 42.6 18.4 14.0 3.5 2 0 4 0 0
124.0 -4741.0 -5.5 119 0 15.4 26.0 14.0 0.0 0 0 4 4 4
-2477.0 -2013.7 -5.8 353 1 17.2 11.5 17.5 3.5 2 0 5 3 3
-2510.3 -1996.6 -5.8 168 0 23.2 9.8 10.5 3.5 2 0 3 4 4
-2450.8 -1954.4 -6.0 276 0 14.5 9.8 10.5 0.0 0 0 3 5 5
4383.0 4353.1 -10.5 226 0 57.5 25.3 17.5 3.5 2 0 5 2 2
3443.6 6093.8 -25.7 79 0 20.8 33.2 14.0 0.0 0 1 4 0 0
3425.6 6151.0 -27.7 85 0 28.5 70.1 14.0 0.0 0 1 4 4 4
3629.7 6268.9 35.4 332 0 14.9 18.3 14.0 3.5 2 1 4 0 0
3609.1 6305.3 35.2 329 0 10.9 22.1 14.0 3.5 2 1 4 0 0
-268.7 -4076.2 -3.4 200 0 138.4 100.3 17.5 0.0 0 0 5 4 4
-776.0 -4386.0 -2.1 247 0 57.9 30.5 17.5 0.0 0 0 5 4 4
4686.2 4197.8 -5.4 325 0 56.6 30.1 14.0 0.0 0 0 4 1 1
1791.3 -728.7 -14.2 201 0 237.8 75.4 17.5 0.0 0 0 5 4 4
1936.6 -665.1 -14.9 291 0 48.7 219.7 17.5 0.0 0 1 5 4 4
1934.6 -510.7 -14.6 22 0 133.8 47.6 17.5 0.0 0 0 5 1 1
1992.4 -387.9 -13.4 20 0 104.6 57.1 17.5 0.0 0 0 5 1 1
4770.0 -5607.5 -8.8 150 0 43.0 18.3 17.5 3.5 2 0 5 2 2
5029.2 846.0 23.0 106 0 12.9 37.7 10.0 2.5 2 1 4 4 4
5075.7 905.9 26.8 15 0 34.6 13.7 10.0 2.5 2 0 4 3 3
5167.9 3471.8 -1.7 96 0 13.9 13.1 7.5 2.5 2 0 3 0 0
-2412.7 1677.0 -12.4 114 0 51.2 30.4 14.0 0.0 0 0 4 5 5
-2385.5 1742.7 -12.7 294 0 50.0 31.9 14.0 0.0 0 0 4 1 1
-2341.9 1731.0 -11.7 294 0 17.9 82.4 14.0 3.5 2 1 4 5 5
-1948.0 1389.9 -12.5 26 0 28.3 362.4 14.0 0.0 0 1 4 4 4
-2241.5 1348.8 -11.9 114 0 16.8 75.0 17.5 3.5 2 1 5 3 3
-2275.2 1844.5 -14.1 21 0 47.9 15.0 17.5 3.5 2 0 5 0 0
-2218.4 1893.5 -15.3 23 0 60.6 29.0 17.5 0.0 0 0 5 4 4
-2312.0 1795.8 -12.8 112 0 36.5 9.0 10.5 3.5 4 0 3 3 3
-2327.7 1996.4 -15.5 114 0 22.5 47.8 17.5 3.5 2 1 5 0 0
-2290.9 2083.1 -15.8 293 0 22.0 34.3 17.5 0.0 0 1 5 3 3
-2294.9 1983.2 -15.7 113 0 23.9 46.7 17.5 0.0 0 1 5 1 1
-2256.1 2071.8 -16.0 294 0 24.6 36.8 17.5 0.0 0 1 5 4 4
-2044.1 1998.2 -16.7 165 0 15.4 104.6 14.0 0.0 0 1 4 3 3
-1940.8 2061.5 -17.8 65 0 16.9 33.8 14.0 3.5 2 1 4 3 3
-2047.2 2185.9 -18.6 205 0 49.1 105.2 14.0 0.0 0 1 4 4 4
-2408.1 2340.3 -16.6 200 0 55.2 124.5 17.5 0.0 0 1 5 0 0
-2295.3 2383.4 -16.4 24 0 25.5 160.6 17.5 0.0 0 1 5 4 4
-2317.3 2149.8 -16.1 115 0 23.1 27.8 17.5 0.0 0 1 5 3 3
-2121.9 2109.5 -17.3 23 0 82.6 73.1 17.5 0.0 0 0 5 5 5
-2102.3 2181.5 -17.6 25 0 35.1 55.8 17.5 0.0 0 1 5 2 2
-2069.3 2224.4 -18.1 28 0 46.0 162.9 17.5 0.0 0 1 5 5 5
-2015.7 2258.0 -19.0 211 0 43.8 94.6 14.0 0.0 0 1 4 0 0
-1984.3 2308.0 -19.1 214 0 50.6 44.3 14.0 0.0 0 0 4 3 3
-1908.2 2372.6 -18.9 303 0 25.8 42.7 14.0 0.0 0 1 4 2 2
200.9 4987.1 -22.7 106 0 32.6 44.2 17.5 0.0 0 1 5 0 0
-2135.7 1934.9 -14.9 201 0 14.1 42.4 14.0 3.5 2 1 4 5 5
-2091.3 1839.8 -14.4 113 0 52.4 17.2 14.0 3.5 2 0 4 1 1
-2168.2 1897.5 -14.1 204 0 19.7 13.0 14.0 3.5 2 0 4 4 4
-2438.9 2146.8 -15.2 287 0 52.0 128.3 17.5 0.0 0 1 5 0 0
-2502.0 2167.6 -14.9 288 0 68.5 125.8 17.5 0.0 0 1 5 0 0
-2559.0 2188.4 -14.5 287 0 35.5 128.4 17.5 0.0 0 1 5 3 3
-2626.0 2208.4 -14.2 288 0 87.6 130.0 17.5 0.0 0 1 5 2 2
-2681.6 1952.1 -13.8 108 0 34.2 119.4 17.5 0.0 0 1 5 5 5
-2638.3 1937.7 -13.9 108 0 38.7 122.1 17.5 0.0 0 1 5 0 0
-2744.9 2035.7 -13.8 197 0 89.1 61.8 17.5 0.0 0 0 5 4 4
-2583.9 1919.4 -13.9 110 0 65.4 47.7 17.5 0.0 0 0 5 0 0
-2577.3 1999.2 -14.0 106 0 22.3 31.6 17.5 0.0 0 1 5 0 0
-2454.1 1983.0 -14.4 16 0 46.3 90.6 17.5 0.0 0 1 5 3 3
-2384.6 2090.7 -15.3 287 0 44.5 90.1 17.5 0.0 0 1 5 0 0
-2509.7 2266.1 -15.5 198 0 45.8 52.0 17.5 0.0 0 1 5 2 2
-2398.9 2510.5 -16.4 293 0 9.9 48.5 10.5 3.5 4 1 3 3 3
-2389.9 2471.4 -16.6 24 0 48.4 8.9 10.5 3.5 4 0 3 1 1
-2372.2 2566.4 -16.3 295 0 8.8 56.8 10.5 3.5 2 1 3 1 1
-2356.3 2559.5 -16.5 294 0 8.8 58.1 10.5 3.5 2 1 3 5 5
-2371.3 2462.1 -16.8 25 0 45.5 8.1 10.5 3.5 2 0 3 5 5
-2337.8 2547.5 -16.6 296 0 9.8 56.9 10.5 3.5 2 1 3 5 5
-2318.4 2539.0 -16.1 295 0 9.2 114.4 10.5 3.5 2 1 3 3 3
-2648.0 1792.3 -13.0 294 0 118.4 41.1 14.0 0.0 0 0 4 2 2
-2689.6 1734.1 -12.5 113 0 100.7 21.0 14.0 0.0 0 0 4 3 3
-2688.1 1686.1 -11.7 294 0 110.9 13.1 17.5 3.5 4 0 5 3 3
-2571.0 1767.0 -12.9 288 0 19.1 38.8 14.0 3.5 2 1 4 3 3
-2518.5 1715.6 -12.5 293 0 94.3 17.8 14.0 0.0 0 0 4 3 3
-2404.6 1647.5 -12.0 25 0 9.2 66.7 10.5 3.5 2 1 3 0 0
-2793.3 1779.2 -13.9 113 0 91.4 23.4 14.0 0.0 0 0 4 5 5
-2846.3 1882.3 -13.8 210 0 65.3 10.8 14.0 0.0 0 0 4 5 5
-2772.1 1930.2 -13.3 292 0 36.3 10.0 14.0 3.5 2 0 4 4 4
-1767.3 1791.5 -16.9 137 0 56.6 24.2 14.0 3.5 2 0 4 1 1
-1707.3 1801.7 -17.2 47 0 22.5 58.3 14.0 3.5 2 1 4 5 5
-1677.5 1831.6 -17.5 45 0 27.0 58.6 14.0 3.5 2 1 4 2 2
-1672.4 1915.1 -17.5 228 0 42.9 57.1 14.0 0.0 0 1 4 0 0
-1663.4 1980.2 -18.1 317 0 54.7 19.7 14.0 3.5 4 0 4 1 1
-1649.9 1560.3 -15.1 163 0 27.2 90.8 14.0 0.0 0 1 4 4 4
-1661.6 1600.1 -15.5 164 0 26.1 90.7 14.0 0.0 0 1 4 3 3
-1673.7 1642.4 -15.8 164 0 24.5 91.3 14.0 0.0 0 1 4 4 4
-1731.6 1623.4 -15.7 91 0 8.6 18.7 10.5 3.5 2 1 3 1 1
-1500.7 1477.0 -14.0 71 0 41.2 21.7 7.5 2.5 2 0 3 5 5
-1545.2 1589.9 -14.8 164 0 32.7 84.8 14.0 0.0 0 1 4 1 1
-1474.8 1655.8 -15.1 344 0 25.7 87.6 14.0 0.0 0 1 4 0 0
-1488.8 1699.4 -15.5 341 0 24.2 86.3 14.0 0.0 0 1 4 0 0
-1500.4 1739.4 -15.8 342 0 24.5 84.0 14.0 0.0 0 1 4 2 2
-1512.8 1780.1 -16.1 341 0 24.8 83.9 14.0 0.0 0 1 4 3 3
-1526.7 1819.0 -16.5 343 0 23.2 81.4 14.0 0.0 0 1 4 5 5
-1571.4 1905.0 -17.6 49 0 57.1 75.2 14.0 0.0 0 1 4 5 5
-1919.6 1853.9 -15.7 41 0 10.7 65.2 14.0 3.5 2 1 4 4 4
-1898.3 1883.0 -15.9 42 0 23.4 26.8 14.0 3.5 2 1 4 3 3
-1935.2 1893.8 -16.9 116 0 21.2 93.9 14.0 0.0 0 1 4 4 4
-1914.9 2001.9 -17.0 294 0 14.3 102.2 14.0 3.5 2 1 4 3 3
-1756.0 1998.9 -18.4 292 0 35.7 7.8 10.5 3.5 4 0 3 1 1
-2067.0 1715.5 -13.8 130 0 28.7 57.6 14.0 0.0 0 1 4 1 1
-2343.6 1430.4 -12.1 116 0 23.8 13.8 17.5 3.5 4 0 5 3 3
-2400.1 1444.5 -12.1 204 0 16.4 44.4 17.5 3.5 2 1 5 2 2
-2190.0 1833.2 -13.7 114 0 16.5 48.3 14.0 3.5 4 1 4 1 1
-2164.4 1811.0 -13.1 112 0 34.8 9.4 10.5 3.5 2 0 3 2 2
-2162.7 1827.9 -13.5 116 0 14.8 34.6 14.0 3.5 2 1 4 1 1
-2124.5 1801.1 -13.5 112 0 22.7 13.5 14.0 3.5 2 0 4 5 5
-2100.6 1790.0 -14.0 116 0 7.3 41.2 10.5 3.5 2 1 3 0 0
-2145.9 1913.0 -14.4 202 0 13.2 37.5 14.0 3.5 2 1 4 0 0
1417.0 6176.0 -28.7 31 0 43.2 161.2 17.5 0.0 0 1 5 5 5
-722.6 7038.3 -29.7 102 0 70.3 153.7 15.0 0.0 0 1 6 3 3
4888.9 -6188.1 -7.0 4 0 123.0 114.8 14.0 0.0 0 0 4 4 4
4447.0 -6143.3 -7.8 0 0 49.8 24.3 10.0 2.5 4 0 4 0 0
5267.0 -10460.0 -1.3 59 0 9.1 38.3 10.5 3.5 2 1 3 1 1
5892.8 2343.7 -9.8 134 0 10.4 33.0 17.5 3.5 2 1 5 1 1
5949.7 2321.1 -9.6 203 0 24.6 12.2 17.5 0.0 0 0 5 0 0
5994.7 2293.9 -9.4 112 0 10.7 20.5 17.5 3.5 2 1 5 0 0
1185.2 11235.1 -49.5 112 0 15.0 16.2 7.5 2.5 2 1 3 4 4
-3006.0 4462.0 -22.0 27 0 91.8 46.4 14.0 0.0 0 0 4 0 0
-233.9 -4623.4 -3.1 109 0 48.1 20.2 15.0 2.5 2 0 6 3 3
391.6 -4430.7 -3.0 42 0 16.9 12.7 17.5 3.5 2 0 5 4 4
-2258.8 -2075.3 -5.5 57 0 5.1 9.5 7.5 2.5 2 1 3 5 5
1727.4 526.3 -17.1 201 0 200.1 132.7 12.5 0.0 0 0 5 5 5
1669.9 340.2 -16.7 201 0 24.4 87.1 5.0 0.0 0 1 2 0 0
1718.3 141.2 -15.4 111 0 14.1 58.5 10.0 2.5 2 1 4 1 1
1751.2 244.7 -16.1 201 0 58.6 13.5 7.5 0.0 0 0 3 5 5
1598.2 156.7 -15.6 202 0 22.5 86.0 12.5 0.0 0 1 5 0 0
1622.3 217.8 -16.2 202 0 22.9 85.2 7.5 0.0 0 1 3 3 3
1646.1 281.0 -16.3 201 0 22.4 86.1 7.5 0.0 0 1 3 3 3
1582.6 244.3 -16.2 201 0 58.7 19.5 12.5 2.5 2 0 5 1 1
1606.5 306.1 -16.3 200 0 58.2 19.9 10.0 2.5 2 0 4 4 4
1644.0 66.9 -14.2 111 0 73.4 10.8 7.5 2.5 2 0 3 1 1
1691.7 71.2 -14.3 110 0 13.6 67.7 7.5 2.5 2 1 3 0 0
1679.1 485.4 -16.5 203 0 69.0 17.2 7.5 2.5 2 0 3 1 1
1723.4 600.3 -17.1 201 0 49.8 16.3 7.5 2.5 2 0 3 4 4
1748.4 51.5 -14.3 112 0 44.6 74.2 12.5 0.0 0 1 5 2 2
5196.6 -7084.3 -4.7 1 0 48.4 12.0 17.5 3.5 2 0 5 1 1
5190.9 -7056.1 -4.8 90 0 11.1 20.0 14.0 3.5 2 1 4 5 5
5148.9 -7101.9 -4.4 295 0 32.2 9.7 10.5 3.5 2 0 3 4 4
5152.2 -7095.3 -4.7 121 0 12.0 49.2 14.0 3.5 2 1 4 2 2
-359.7 -4545.3 -2.5 203 0 28.4 29.8 12.5 0.0 0 1 5 4 4
-339.6 -4501.5 -2.8 202 0 27.1 31.9 7.5 0.0 0 1 3 4 4
-384.6 -4597.8 -1.4 199 0 29.2 25.7 7.5 0.0 0 0 3 5 5
-307.0 -4618.0 -3.0 108 0 48.8 20.7 7.5 2.5 2 0 3 2 2
1126.0 -4762.2 -3.4 182 0 31.1 42.4 14.0 0.0 0 1 4 1 1
3588.1 6277.4 31.4 239 0 6.7 21.6 10.5 0.0 0 1 3 2 2
3697.6 6261.1 30.2 343 0 20.9 12.4 17.5 0.0 0 0 5 1 1
3430.4 6877.5 -16.4 57 0 14.6 28.5 12.5 2.5 2 1 5 5 5
-768.9 -5162.1 -0.7 222 0 33.2 26.1 17.5 0.0 0 0 5 4 4
-796.1 -5159.0 -0.8 133 0 21.2 35.3 17.5 0.0 0 1 5 1 1
-815.5 -5139.9 -0.8 132 0 20.1 34.4 17.5 0.0 0 1 5 3 3
-823.2 -5148.1 -0.7 314 0 17.3 31.4 17.5 3.5 2 0 5 2 2
-6469.7 -10710.6 12.3 272 0 86.0 23.7 14.0 0.0 0 0 4 2 2
-6427.4 -10729.4 12.8 2 0 14.0 62.2 14.0 3.5 2 0 4 0 0
4917.7 -5803.5 -8.2 179 0 13.9 41.2 14.0 3.5 2 1 4 4 4
-671.3 -6294.1 -1.1 226 0 17.6 10.2 14.0 3.5 4 0 4 4 4
3191.8 -7416.0 -4.8 345 0 131.3 19.2 17.5 0.0 0 0 5 5 5
3149.6 -7318.3 -4.7 351 0 73.4 25.3 14.0 0.0 0 0 4 1 1
1151.9 6402.5 -29.7 302 0 89.2 28.0 7.5 0.0 0 0 3 5 5
-1977.3 3323.9 -7.5 352 0 46.4 28.5 17.5 0.0 0 0 5 5 5
-725.7 -4360.7 -2.2 243 0 23.8 25.3 17.5 0.0 0 1 5 3 3
703.5 -5103.6 -2.7 20 0 38.8 17.2 14.0 3.5 2 0 4 4 4
-1945.2 -2576.5 -5.0 118 0 233.9 231.0 12.5 0.0 0 0 5 3 3
5173.6 -5809.3 -8.3 226 0 11.2 32.2 10.0 2.5 2 1 4 0 0
5243.1 -795.6 -12.7 196 0 17.0 16.3 17.5 3.5 2 0 5 2 2
5048.8 299.1 34.1 15 0 22.3 25.9 17.5 3.5 2 1 5 5 5
