5694.7 -10659.7 13.5 197 0 47.9 54.1 5.0 0.0 0 1 2 4 4
6671.1 -11259.8 13.3 294 0 96.5 94.6 10.0 0.0 0 0 4 3 3
5026.1 -10124.8 16.7 178 0 49.5 14.8 7.5 2.5 2 0 3 1 1
4600.1 -9774.5 16.9 77 0 39.1 84.2 10.0 0.0 0 1 4 5 5
4673.5 -9694.8 16.8 359 0 43.3 59.9 12.5 0.0 0 1 5 3 3
4636.8 -9656.3 16.8 270 0 46.5 10.8 7.5 0.0 0 0 3 3 3
4694.8 -9771.7 17.0 359 0 45.5 13.9 5.0 2.5 2 0 2 2 2
4625.7 -9799.4 17.3 4 0 14.1 31.5 12.5 2.5 2 1 5 1 1
4638.3 -9803.1 17.2 185 0 14.9 57.4 10.0 2.5 2 1 4 5 5
-3214.5 5146.2 -23.0 277 0 179.7 74.0 12.5 0.0 0 0 5 2 2
-3587.9 5513.0 -21.9 41 0 79.9 169.5 15.0 0.0 0 1 6 4 4
5367.2 -10696.2 15.9 109 0 24.2 18.3 10.0 2.5 4 0 4 3 3
5269.9 -10609.5 15.2 185 0 27.0 11.2 15.0 0.0 0 0 6 5 5
5300.8 -10568.2 14.8 5 0 16.1 9.5 5.0 2.5 2 0 2 1 1
5316.6 -10569.2 15.0 6 0 49.1 5.9 7.5 2.5 2 0 3 2 2
5309.9 -10560.4 14.7 5 0 32.0 7.5 7.5 0.0 0 0 3 3 3
5306.9 -10585.3 14.7 5 0 14.9 35.0 7.5 2.5 2 1 3 0 0
-1471.3 1790.6 -11.3 341 0 96.0 77.8 10.0 0.0 0 0 4 5 5
-1838.5 1670.7 -10.6 267 0 118.6 76.0 12.5 0.0 0 0 5 2 2
-1700.2 1641.9 -9.8 359 0 71.8 65.7 12.5 0.0 0 0 5 1 1
-1672.4 1582.4 -10.0 269 0 244.6 45.3 7.5 0.0 0 0 3 2 2
-1618.4 1688.4 -10.7 268 0 118.0 80.1 12.5 0.0 0 0 5 2 2
-1632.3 1981.3 -11.8 254 0 86.4 148.6 10.0 0.0 0 1 4 2 2
-1538.1 1400.6 -8.8 96 0 129.4 101.6 12.5 0.0 0 0 5 4 4
-1441.2 1695.4 -10.6 336 0 71.6 89.1 7.5 0.0 0 1 3 0 0
-1498.5 1935.1 -11.6 348 0 148.4 61.6 10.0 0.0 0 0 4 1 1
-2564.3 1765.7 -14.7 162 0 146.1 179.8 12.5 0.0 0 0 5 1 1
-2509.0 1930.0 -14.5 97 0 182.9 150.0 10.0 0.0 0 0 4 1 1
-2096.3 958.8 -10.0 162 0 54.6 45.5 10.0 0.0 0 0 4 3 3
-2144.3 992.4 -9.5 39 0 64.4 102.2 7.5 0.0 0 1 3 5 5
-2208.1 895.6 -9.1 348 0 24.6 35.1 7.5 0.0 0 1 3 1 1
-2183.8 746.5 -9.1 94 0 29.6 38.4 10.0 0.0 0 1 4 5 5
-922.6 987.9 -7.8 358 0 54.9 87.5 5.0 0.0 0 1 2 1 1
-1588.9 958.9 -8.3 261 0 40.0 98.4 7.5 0.0 0 1 3 0 0
-1260.0 1403.8 -9.6 85 0 107.5 87.2 10.0 0.0 0 0 4 3 3
-1252.3 1705.6 -10.6 359 0 151.3 88.4 12.5 0.0 0 0 5 3 3
-2236.3 2112.2 -12.6 354 0 87.0 47.6 10.0 0.0 0 0 4 2 2
-2581.3 2301.8 -13.7 218 0 67.3 97.5 12.5 0.0 0 1 5 4 4
-2192.7 2637.1 -14.5 258 0 175.6 108.4 10.0 0.0 0 0 4 3 3
-2517.9 2868.5 -16.1 261 0 21.1 52.5 7.5 2.5 2 1 3 3 3
-1572.7 2682.2 -13.2 258 0 127.1 139.1 10.0 0.0 0 1 4 0 0
-1887.4 3112.4 -14.8 280 0 81.0 70.1 7.5 0.0 0 0 3 1 1
-1992.7 1469.9 -11.9 163 0 87.8 68.6 10.0 0.0 0 0 4 3 3
-2148.1 2151.1 -13.3 88 0 60.5 41.2 12.5 0.0 0 0 5 3 3
4192.7 9109.2 -35.0 102 0 43.5 198.1 12.5 0.0 0 1 5 4 4
4131.4 9418.8 -34.7 277 0 52.4 22.8 7.5 2.5 2 0 3 5 5
