6541.0 5324.4 -7.3 240 0 157.8 47.7 7.5 0.0 0 0 3 0 0
2227.7 -3565.0 -19.0 264 0 121.3 16.2 12.5 0.0 0 0 5 1 1
2977.6 -969.8 -4.5 69 0 43.6 79.8 14.0 0.0 0 1 4 4 4
2810.3 -822.3 -2.6 308 0 113.1 39.0 14.0 0.0 0 0 4 5 5
2645.1 -786.8 -1.1 157 0 70.5 73.8 14.0 0.0 0 1 4 2 2
2436.8 -735.9 3.7 246 0 89.6 91.5 10.0 0.0 0 1 4 1 1
2484.7 -951.7 1.8 66 0 112.2 74.3 10.0 0.0 0 0 4 5 5
2274.4 -1112.8 10.1 0 0 132.8 59.6 12.5 0.0 0 0 5 3 3
2307.3 -921.7 7.0 269 0 145.0 81.1 12.5 0.0 0 0 5 3 3
1622.2 -1783.6 17.1 89 0 81.8 313.1 12.5 0.0 0 1 5 5 5
1760.1 -1634.0 9.6 90 0 122.0 167.9 7.5 0.0 0 1 3 3 3
1351.8 -1114.1 13.1 150 0 239.7 119.8 12.5 0.0 0 0 5 1 1
6305.2 -610.0 -19.2 257 0 112.8 242.3 14.0 0.0 0 1 4 2 2
