6860.1 9649.6 153.5 273 0 8.8 18.6 7.5 2.5 2 1 3 1 1
6844.5 9620.4 154.6 55 0 14.1 15.7 5.0 2.5 2 1 2 4 4
5897.3 10098.8 184.6 321 0 15.0 7.4 7.5 2.5 2 0 3 5 5
5887.0 10121.5 183.4 314 0 14.0 8.6 7.5 2.5 2 0 3 5 5
5929.0 9192.6 105.0 116 0 22.0 24.0 12.5 2.5 2 1 5 1 1
5973.9 9122.1 94.5 106 0 13.5 39.1 10.0 0.0 0 1 4 5 5
-3528.3 5243.2 -191.1 196 0 133.8 65.1 14.0 0.0 0 0 4 2 2
-5357.4 3053.4 -192.9 19 0 152.7 89.0 17.5 0.0 0 0 5 3 3
-5296.4 3231.2 -191.8 18 0 95.8 57.9 17.5 0.0 0 0 5 5 5
-4835.6 5659.6 -199.7 342 0 88.7 16.7 14.0 3.5 2 0 4 5 5
-5294.5 5237.0 -193.8 23 0 35.5 14.2 14.0 3.5 2 0 4 2 2
-4985.2 4311.6 -192.6 196 0 72.9 61.9 14.0 0.0 0 0 4 3 3
-5329.5 3089.1 -193.1 195 0 26.0 45.6 14.0 0.0 0 1 4 4 4
-3546.0 723.1 -185.3 351 0 221.5 88.1 14.0 0.0 0 0 4 3 3
-3957.4 2991.8 -190.8 265 0 105.2 159.9 14.0 0.0 0 1 4 0 0
-4029.7 3239.2 -192.3 175 0 161.3 128.2 14.0 0.0 0 0 4 1 1
-3989.5 2716.0 -190.2 177 0 223.3 272.6 14.0 0.0 0 1 4 1 1
-5682.0 2621.2 -192.0 107 0 90.8 90.1 14.0 0.0 0 0 4 0 0
-5780.3 2801.9 -191.1 108 0 103.0 64.3 10.0 0.0 0 0 4 2 2
-3579.2 1729.6 -186.3 359 0 147.4 57.8 14.0 0.0 0 0 4 0 0
-3579.2 1912.0 -187.6 0 0 188.4 58.5 14.0 0.0 0 0 4 4 4
6638.3 1687.3 -169.7 84 0 31.9 14.6 14.0 0.0 0 0 4 4 4
