881.4 -11189.8 -30.5 269 0 22.8 285.0 7.5 0.0 0 1 3 2 2
3744.3 -10503.2 -10.8 334 0 226.4 108.0 17.5 0.0 0 0 5 1 1
3376.9 -8642.6 0.6 303 0 14.8 77.7 17.5 3.5 2 1 5 3 3
3319.7 -8721.7 4.2 135 1 15.6 15.4 17.5 3.5 2 0 5 3 3
3346.4 -8738.2 3.9 110 0 28.7 13.2 17.5 3.5 2 0 5 0 0
3384.4 -8679.3 2.7 320 0 13.6 38.0 17.5 3.5 2 1 5 1 1
3404.8 -8709.5 3.9 46 0 34.6 15.2 17.5 0.0 0 0 5 3 3
3404.2 -8663.4 1.5 316 0 36.9 13.5 17.5 3.5 2 0 5 4 4
494.7 -11930.3 -4.4 128 0 12.1 45.6 10.0 2.5 2 1 4 2 2
760.6 -11861.1 -22.2 88 0 14.9 45.9 7.5 2.5 2 1 3 4 4
756.1 -11761.4 -21.1 268 0 14.0 45.8 10.0 2.5 2 1 4 2 2
728.7 -11763.0 -21.1 268 0 14.0 45.8 10.0 0.0 0 1 4 5 5
703.6 -11763.0 -21.1 268 0 14.0 45.8 10.0 2.5 2 1 4 2 2
674.4 -11765.7 -19.8 268 0 14.0 45.8 12.5 2.5 2 1 5 0 0
640.2 -11790.1 -14.6 178 0 45.8 14.0 12.5 2.5 2 0 5 5 5
812.6 -11859.8 -22.2 88 0 14.0 45.8 15.0 0.0 0 1 6 3 3
816.4 -11785.4 -19.5 358 0 45.8 14.0 10.0 2.5 2 0 4 2 2
782.3 -11763.5 -21.1 268 0 14.0 45.8 10.0 2.5 2 1 4 0 0
785.2 -11858.7 -22.2 88 0 14.0 45.8 12.5 2.5 2 1 5 4 4
718.4 -11829.2 -21.6 89 0 44.3 13.5 10.0 2.5 2 0 4 5 5
640.1 -11825.5 -15.9 179 0 13.5 44.3 12.5 2.5 2 1 5 5 5
4229.9 -10673.7 3.1 169 0 59.7 115.3 17.5 0.0 0 1 5 0 0
-1910.3 -5193.6 13.2 0 0 31.2 17.4 7.5 2.5 2 0 3 4 4
2730.9 -11855.6 -16.9 56 0 54.8 11.6 14.0 3.5 2 0 4 5 5
2882.3 -11749.6 -3.0 56 0 54.8 11.6 14.0 3.5 2 0 4 3 3
2877.2 -11711.6 -2.6 325 0 10.1 73.8 14.0 3.5 2 1 4 2 2
2739.2 -11813.8 -11.6 56 0 54.8 11.6 14.0 3.5 2 0 4 1 1
2729.1 -11583.1 -10.4 230 0 75.5 11.5 14.0 3.5 2 0 4 4 4
2621.3 -11939.5 -16.9 326 0 11.6 54.8 14.0 3.5 4 1 4 2 2
1966.6 -11625.5 -26.5 304 0 10.6 62.0 14.0 3.5 2 1 4 1 1
1992.1 -11647.3 -26.4 304 0 10.6 62.0 14.0 3.5 2 1 4 5 5
2007.3 -11664.4 -26.0 304 0 10.6 62.0 14.0 0.0 0 1 4 1 1
1942.5 -11602.4 -27.0 304 0 10.6 62.0 14.0 3.5 4 1 4 4 4
1921.0 -11585.3 -30.7 304 0 10.6 62.0 14.0 3.5 2 1 4 2 2
3465.3 -10037.2 -0.0 170 0 35.8 14.1 17.5 3.5 4 0 5 5 5
3446.3 -10002.6 -2.4 171 0 34.6 11.0 17.5 3.5 2 0 5 5 5
3467.9 -9968.9 -3.0 266 0 43.0 10.2 17.5 3.5 2 0 5 5 5
4059.2 -10802.0 -0.9 89 0 43.2 19.2 15.0 2.5 2 0 6 5 5
4341.8 -10111.9 -11.7 157 0 38.3 12.2 17.5 3.5 2 0 5 1 1
4365.1 -10082.3 -13.8 247 0 12.2 38.3 17.5 3.5 2 1 5 5 5
4393.4 -10070.5 -15.1 247 0 12.2 38.3 17.5 3.5 2 1 5 0 0
4378.0 -10028.1 -15.0 247 0 12.2 38.3 17.5 3.5 2 1 5 5 5
4349.2 -10039.9 -12.6 247 0 12.2 38.3 17.5 3.5 2 1 5 5 5
4322.1 -10051.6 -10.4 247 0 12.2 38.3 17.5 3.5 2 1 5 0 0
4420.3 -10048.6 -16.1 247 0 13.4 61.6 17.5 3.5 4 1 5 2 2
4456.6 -10038.3 -13.0 247 0 13.2 56.1 17.5 3.5 2 1 5 3 3
4490.0 -10033.4 -15.1 247 0 12.2 38.3 17.5 3.5 2 1 5 0 0
4528.9 -10032.0 -16.3 337 0 38.3 12.2 17.5 3.5 2 0 5 4 4
4498.3 -9976.7 -16.9 249 0 12.2 38.0 17.5 3.5 2 0 5 2 2
4468.4 -9991.2 -17.0 247 0 12.3 38.4 17.5 3.5 2 1 5 5 5
4578.7 -10071.8 -14.9 337 0 38.3 12.2 17.5 3.5 2 0 5 1 1
4557.5 -10113.3 -15.3 67 0 14.5 53.4 17.5 3.5 2 1 5 0 0
4557.6 -10027.1 -15.7 337 0 38.1 11.7 17.5 3.5 2 0 5 2 2
4583.9 -10011.0 -15.3 337 0 38.3 12.2 17.5 0.0 0 0 5 2 2
4606.8 -10060.2 -14.4 337 0 38.3 12.2 17.5 3.5 4 0 5 5 5
4587.0 -10127.8 -13.6 68 0 52.8 13.8 17.5 3.5 2 0 5 3 3
4531.0 -10149.3 -11.0 68 0 52.8 12.3 17.5 3.5 2 0 5 1 1
4460.6 -10181.8 -9.6 68 0 52.8 12.3 17.5 3.5 4 0 5 1 1
4376.9 -10214.1 -12.6 68 0 52.8 13.8 17.5 3.5 2 0 5 1 1
4298.4 -10034.6 -12.2 248 0 52.8 13.8 17.5 3.5 2 0 5 4 4
4349.8 -10014.1 -13.7 248 0 52.8 13.8 17.5 3.5 2 0 5 2 2
4463.1 -9964.8 -17.2 248 0 52.8 13.9 17.5 3.5 2 0 5 4 4
4514.0 -9943.7 -17.2 248 0 52.8 13.8 17.5 3.5 2 0 5 4 4
4423.5 -10128.1 -14.3 40 0 13.8 18.6 17.5 3.5 2 0 5 2 2
4445.3 -10137.2 -12.1 8 0 12.2 20.2 17.5 3.5 2 0 5 1 1
4457.0 -10143.3 -10.0 89 0 21.5 13.7 17.5 3.5 2 0 5 2 2
4503.0 -10096.2 -12.7 98 0 14.9 20.2 17.5 3.5 2 1 5 3 3
4431.1 -10402.6 -5.3 70 0 56.2 16.8 17.5 3.5 2 0 5 2 2
4391.6 -10374.7 -6.6 160 0 16.8 56.2 17.5 3.5 2 1 5 5 5
4378.9 -10349.1 -8.8 160 0 16.8 56.2 17.5 3.5 2 1 5 2 2
4369.2 -10323.7 -10.8 160 0 16.8 56.2 17.5 3.5 2 1 5 0 0
4361.0 -10299.8 -11.3 160 0 16.8 56.2 17.5 3.5 2 1 5 3 3
4350.5 -10273.4 -10.6 160 0 16.8 56.2 17.5 3.5 2 1 5 0 0
4524.2 -10324.9 1.8 70 0 54.7 16.3 17.5 0.0 0 0 5 1 1
4503.6 -10240.9 -2.8 243 0 63.7 19.5 17.5 3.5 2 0 5 1 1
4300.6 -10264.1 -8.8 157 0 89.9 15.7 17.5 3.5 2 0 5 5 5
4273.8 -10184.5 -6.1 246 0 15.3 38.6 17.5 3.5 2 0 5 5 5
4268.2 -10171.9 -4.6 65 0 15.2 38.6 17.5 0.0 0 1 5 5 5
4250.6 -10115.4 -6.8 335 0 38.6 15.2 17.5 3.5 2 0 5 3 3
4191.6 -10115.6 -6.1 245 0 15.2 38.6 17.5 0.0 0 1 5 4 4
4164.2 -10143.2 -6.0 155 0 38.6 15.2 17.5 3.5 2 0 5 2 2
4154.6 -10159.0 -4.3 335 0 38.6 15.2 21.0 0.0 0 0 6 0 0
4100.4 -10202.9 -1.1 335 0 38.6 15.2 17.5 3.5 2 0 5 3 3
4073.3 -10214.7 -0.4 335 0 38.6 15.2 17.5 3.5 2 0 5 0 0
4030.9 -10230.7 -0.1 155 0 38.6 15.2 17.5 3.5 2 0 5 2 2
4009.7 -10252.6 1.9 155 0 38.6 15.2 17.5 0.0 0 0 5 4 4
4037.4 -10311.6 7.8 155 0 38.6 15.2 17.5 3.5 2 0 5 0 0
4070.7 -10388.0 10.9 155 0 38.6 15.2 17.5 3.5 2 0 5 3 3
4091.1 -10439.9 9.1 155 0 38.6 15.2 17.5 3.5 2 0 5 2 2
4113.3 -10488.9 7.2 155 0 46.8 14.4 17.5 3.5 2 0 5 5 5
4238.5 -10412.0 -3.8 235 0 12.8 55.4 17.5 3.5 4 1 5 5 5
4260.9 -10391.9 -6.3 221 0 12.4 57.8 17.5 3.5 2 1 5 5 5
4275.1 -10368.8 -8.1 209 0 10.9 59.2 17.5 3.5 2 1 5 2 2
4280.9 -10346.2 -9.5 195 0 12.4 63.7 17.5 3.5 2 1 5 4 4
4288.2 -10321.4 -9.5 196 0 12.6 54.6 17.5 3.5 2 1 5 3 3
4240.8 -10276.5 -2.1 273 0 16.8 38.9 17.5 3.5 2 1 5 5 5
4141.4 -10347.4 6.3 58 0 17.6 14.2 17.5 3.5 2 0 5 2 2
4121.3 -10240.3 4.0 329 0 15.7 51.5 17.5 0.0 0 1 5 0 0
4057.8 -10289.9 6.3 154 0 36.2 11.7 17.5 3.5 2 0 5 5 5
4108.3 -10282.8 7.9 318 0 16.0 18.1 17.5 3.5 2 1 5 1 1
4157.5 -10314.1 5.0 290 0 14.6 18.6 17.5 3.5 2 1 5 3 3
4155.8 -10288.1 5.0 322 0 21.7 15.4 17.5 3.5 4 0 5 0 0
4151.2 -10388.4 5.7 34 0 21.3 16.1 17.5 3.5 2 0 5 4 4
4227.9 -10351.6 -0.6 34 0 21.3 16.1 17.5 3.5 2 0 5 4 4
4257.9 -10358.6 -3.1 34 0 21.3 16.1 17.5 3.5 2 0 5 2 2
4234.4 -10379.7 -1.1 34 0 21.3 16.1 17.5 3.5 2 0 5 4 4
4155.4 -10409.8 4.2 184 0 29.8 18.8 17.5 3.5 2 0 5 1 1
4140.8 -10426.8 6.8 3 0 45.2 13.9 17.5 3.5 2 0 5 5 5
4123.5 -10383.5 8.1 10 0 41.0 12.7 17.5 3.5 2 0 5 0 0
4094.4 -10333.0 9.0 210 0 13.2 21.4 17.5 3.5 2 1 5 5 5
4084.3 -10316.0 10.2 170 0 18.0 14.3 17.5 3.5 2 0 5 3 3
4200.3 -10324.4 1.6 316 0 15.8 39.0 17.5 0.0 0 1 5 5 5
4163.8 -10368.5 4.7 38 0 17.0 15.8 17.5 3.5 2 0 5 2 2
4190.3 -10374.7 1.6 138 0 17.4 18.1 17.5 3.5 2 1 5 5 5
4238.3 -10265.1 -1.7 55 0 11.4 42.2 21.0 0.0 0 1 6 3 3
4277.4 -10305.7 -4.7 11 0 34.7 18.1 17.5 0.0 0 0 5 0 0
4259.4 -10262.6 -4.6 164 0 33.5 15.6 17.5 3.5 2 0 5 1 1
4243.1 -10228.0 -3.6 148 0 35.6 14.6 17.5 3.5 2 0 5 0 0
4086.1 -10139.6 -6.4 337 0 18.4 85.2 17.5 3.5 2 0 5 0 0
2852.5 -11696.2 2.4 323 0 30.4 10.5 14.0 3.5 2 0 4 2 2
2820.8 -11735.5 -0.1 53 0 10.5 30.4 14.0 3.5 2 1 4 3 3
2873.9 -11667.0 1.9 323 0 30.4 10.5 14.0 3.5 2 0 4 0 0
2896.8 -11700.3 2.0 323 0 30.4 10.5 14.0 3.5 2 0 4 0 0
2788.6 -11796.6 -7.9 53 0 11.8 49.2 14.0 3.5 2 1 4 1 1
2710.6 -11849.0 -14.5 53 0 11.2 39.9 14.0 3.5 2 1 4 4 4
2672.1 -11856.5 -17.3 143 0 58.4 12.0 14.0 3.5 2 0 4 1 1
2645.8 -11870.6 -16.7 323 0 62.9 11.4 14.0 3.5 2 0 4 3 3
2549.3 -11941.8 -14.3 233 0 10.5 30.4 14.0 0.0 0 1 4 3 3
2561.3 -11818.1 -10.7 53 0 11.2 49.5 14.0 3.5 2 1 4 2 2
2591.3 -11796.6 -8.3 323 0 40.0 10.5 14.0 0.0 0 0 4 5 5
2563.3 -11761.1 -9.1 323 0 30.6 10.6 14.0 3.5 2 0 4 5 5
2621.7 -11786.5 -8.1 143 0 40.3 10.4 14.0 3.5 2 0 4 5 5
2588.0 -11744.1 -6.1 143 0 41.8 11.8 14.0 3.5 2 0 4 4 4
2622.0 -11736.1 -5.0 141 0 46.5 11.0 14.0 3.5 2 0 4 3 3
2749.8 -11612.1 -6.1 233 0 11.5 37.5 14.0 3.5 2 1 4 4 4
2789.2 -11604.1 -7.2 323 0 30.4 10.5 14.0 3.5 2 0 4 5 5
2826.4 -11602.9 -4.1 323 0 30.4 10.5 14.0 3.5 2 0 4 5 5
2792.5 -11555.3 -10.2 323 0 59.9 12.3 14.0 3.5 2 0 4 1 1
2814.9 -11782.1 -6.1 53 0 12.3 69.6 14.0 3.5 4 1 4 3 3
2780.8 -11828.4 -13.0 52 0 39.2 14.1 14.0 3.5 2 0 4 5 5
2730.2 -11793.2 -8.5 52 0 39.2 14.1 14.0 3.5 2 0 4 0 0
2808.1 -11683.9 1.1 322 0 14.1 39.2 14.0 3.5 2 1 4 3 3
2847.5 -11656.3 0.9 322 0 14.1 39.2 14.0 3.5 2 1 4 4 4
2842.0 -11785.9 -7.6 52 0 39.2 14.1 14.0 0.0 0 0 4 3 3
2824.2 -11633.2 -2.1 321 0 14.0 69.7 14.0 3.5 2 1 4 2 2
2695.5 -11579.9 -10.4 232 0 29.8 13.3 14.0 3.5 4 0 4 0 0
2633.2 -11638.3 -6.4 224 0 37.1 13.5 14.0 0.0 0 0 4 5 5
2597.1 -11678.1 -5.9 224 0 48.3 14.6 14.0 3.5 2 0 4 2 2
2463.3 -11796.8 -16.3 230 0 34.8 13.7 14.0 3.5 2 0 4 1 1
2403.4 -11985.5 -13.7 142 0 14.1 39.2 14.0 3.5 2 1 4 3 3
2473.4 -11928.6 -10.8 322 0 15.2 35.1 14.0 3.5 2 1 4 3 3
2634.5 -11687.3 -4.4 224 0 32.3 14.4 14.0 3.5 2 0 4 1 1
1889.0 -11864.7 -10.2 45 0 88.3 14.5 10.5 3.5 2 0 3 2 2
1889.1 -11767.8 -18.8 317 0 14.5 68.5 10.5 3.5 2 0 3 0 0
1786.5 -11867.1 -19.0 137 0 15.6 68.5 10.5 3.5 2 0 3 5 5
1895.3 -11828.6 -14.9 45 0 12.5 27.4 10.5 3.5 4 1 3 2 2
1871.2 -11851.4 -15.3 45 0 12.5 27.4 10.5 0.0 0 1 3 4 4
1848.7 -11875.3 -15.3 45 0 12.5 27.4 10.5 3.5 2 1 3 5 5
3452.1 -10103.6 -1.8 212 0 64.3 16.4 17.5 3.5 2 0 5 2 2
4668.0 -9772.0 -10.2 66 0 70.2 21.2 21.0 3.5 2 0 6 0 0
4587.2 -9805.0 -11.9 66 0 70.2 21.2 21.0 3.5 2 0 6 3 3
4577.7 -9849.4 -14.1 66 0 70.2 21.2 21.0 3.5 2 0 6 2 2
4708.7 -9796.8 -10.0 66 0 70.2 21.2 21.0 3.5 2 0 6 1 1
4672.2 -9674.1 -7.5 250 0 18.3 49.8 21.0 3.5 2 1 6 0 0
4444.5 -9736.2 -6.5 252 0 16.2 55.5 21.0 3.5 2 1 6 3 3
4462.3 -9827.4 -11.9 162 0 45.9 15.8 21.0 0.0 0 0 6 0 0
4517.9 -9864.8 -14.6 72 0 12.7 76.8 21.0 3.5 2 0 6 5 5
4312.7 -9881.1 -17.0 252 0 15.7 54.1 21.0 3.5 2 1 6 1 1
4284.7 -9900.4 -17.1 250 0 15.4 54.1 21.0 3.5 2 0 6 5 5
4416.0 -9922.2 -17.4 70 0 56.1 19.1 21.0 3.5 2 0 6 5 5
4482.2 -9899.0 -16.5 71 0 85.3 20.4 21.0 0.0 0 0 6 4 4
3272.2 -11003.0 -18.0 7 0 70.4 11.2 17.5 3.5 2 0 5 0 0
3234.3 -11031.7 -19.2 97 0 11.2 70.4 17.5 3.5 2 1 5 0 0
3200.0 -11030.4 -21.3 97 0 11.2 70.4 17.5 3.5 2 1 5 2 2
3283.9 -10914.7 -14.7 8 0 69.4 24.9 17.5 0.0 0 0 5 1 1
3209.4 -10931.9 -13.6 184 0 19.7 31.8 17.5 0.0 0 1 5 1 1
3210.7 -10870.7 -9.5 184 0 19.7 31.8 17.5 0.0 0 1 5 4 4
3221.5 -10834.7 -13.1 184 0 19.7 31.8 17.5 0.0 0 1 5 1 1
3289.3 -10781.0 -18.8 4 0 19.7 31.8 17.5 0.0 0 1 5 0 0
3286.2 -10838.4 -13.1 4 0 19.7 31.8 17.5 0.0 0 1 5 4 4
3223.8 -10777.4 -18.8 184 0 19.7 31.8 17.5 0.0 0 1 5 1 1
3300.3 -10728.4 -22.2 4 0 17.1 30.8 17.5 3.5 2 1 5 4 4
3244.5 -10653.3 -23.7 94 0 30.8 17.1 17.5 3.5 2 0 5 1 1
3132.6 -10635.1 -22.9 274 0 30.8 17.1 17.5 3.5 2 0 5 1 1
3083.0 -10634.2 -20.5 274 0 30.8 17.1 17.5 3.5 2 0 5 2 2
3098.8 -10619.5 -20.4 94 0 30.8 17.1 17.5 3.5 2 0 5 1 1
3132.8 -10621.3 -22.0 94 0 30.8 17.1 17.5 3.5 2 0 5 4 4
3170.4 -10684.9 -22.9 2 0 42.2 11.9 17.5 3.5 2 0 5 0 0
3132.8 -10663.9 -22.8 276 0 14.1 38.1 17.5 3.5 2 1 5 2 2
3108.3 -10661.4 -21.9 279 0 14.0 37.7 17.5 3.5 2 1 5 1 1
3077.7 -10659.7 -21.1 276 0 14.1 38.1 17.5 3.5 2 1 5 1 1
3043.6 -10675.7 -19.9 184 0 37.9 14.5 17.5 3.5 2 0 5 4 4
3168.3 -10718.1 -22.0 5 0 13.0 60.7 17.5 3.5 2 1 5 2 2
3062.5 -10632.3 -19.0 279 0 10.9 20.4 17.5 3.5 2 0 5 1 1
