-6109.7 -2325.7 -14.2 351 0 15.5 55.9 14.0 3.5 2 1 4 4 4
-5149.1 -429.8 -12.6 25 0 11.7 59.0 14.0 3.5 2 1 4 2 2
-5257.4 -370.7 -5.1 112 0 45.9 70.5 14.0 0.0 0 1 4 0 0
-5185.1 -216.8 -6.2 298 0 45.1 68.0 14.0 0.0 0 1 4 4 4
-5120.9 -343.7 -5.4 27 0 79.0 49.8 14.0 0.0 0 0 4 5 5
-5989.1 360.9 -22.4 112 0 15.1 93.1 12.5 2.5 2 1 5 0 0
-6006.4 472.8 -19.5 202 0 36.9 37.0 10.0 0.0 0 1 4 1 1
-6024.1 420.1 -21.8 202 0 60.2 33.0 10.0 0.0 0 0 4 1 1
-5940.3 597.7 -12.5 202 0 63.2 29.8 10.0 0.0 0 0 4 4 4
-5902.8 369.3 -15.3 112 0 59.9 22.1 12.5 0.0 0 0 5 0 0
-5861.6 478.8 -12.6 292 0 67.9 85.1 12.5 0.0 0 1 5 3 3
-5802.5 460.5 -13.4 292 0 35.7 140.4 10.0 0.0 0 1 4 0 0
-5805.2 310.1 -16.0 112 0 33.5 141.9 12.5 0.0 0 1 5 3 3
-5704.9 432.7 -18.9 292 0 31.2 151.0 7.5 0.0 0 1 3 2 2
-6311.4 21.7 -22.5 296 0 97.0 55.0 12.5 0.0 0 0 5 2 2
-6211.9 -408.3 -27.3 116 0 85.6 187.1 14.0 0.0 0 1 4 2 2
-5972.4 -560.3 -8.5 116 0 85.2 209.1 14.0 0.0 0 1 4 0 0
-5885.4 -606.6 -13.7 116 0 84.0 211.4 14.0 0.0 0 1 4 4 4
-5717.8 -622.7 -17.7 116 0 27.9 44.4 14.0 0.0 0 1 4 3 3
-5698.7 -684.0 -22.9 116 0 17.3 23.4 14.0 3.5 2 1 4 0 0
-5681.7 -694.6 -24.2 116 0 16.2 27.7 14.0 3.5 2 1 4 2 2
-5650.8 -690.8 -25.2 26 0 31.4 13.4 14.0 3.5 2 0 4 1 1
-5640.3 -669.6 -23.1 26 0 10.7 15.7 14.0 3.5 2 1 4 2 2
-5660.3 -660.9 -22.0 26 0 14.9 34.6 14.0 0.0 0 1 4 4 4
-5639.9 -603.4 -18.1 26 0 25.0 34.2 14.0 0.0 0 1 4 2 2
-5757.0 -609.1 -15.4 116 0 22.9 69.0 14.0 3.5 2 1 4 5 5
-5720.5 -525.1 -10.1 296 0 22.4 10.5 14.0 3.5 2 0 4 4 4
-5663.9 -484.4 -12.0 296 0 15.5 75.9 14.0 3.5 2 1 4 1 1
-5586.5 -494.6 -14.9 296 0 14.8 76.8 14.0 3.5 2 1 4 3 3
-5508.6 -544.3 -22.8 206 0 31.5 21.3 14.0 0.0 0 0 4 2 2
-5522.0 -571.6 -22.9 206 0 15.3 16.7 14.0 3.5 2 1 4 4 4
-5502.0 -580.6 -23.4 206 0 15.5 60.5 14.0 3.5 2 1 4 3 3
-5545.5 -625.1 -25.6 206 0 74.1 18.1 14.0 3.5 2 0 4 1 1
-5522.9 -637.1 -26.4 206 0 73.8 90.6 14.0 0.0 0 1 4 5 5
-5349.4 -514.4 -11.8 206 0 26.7 22.9 14.0 0.0 0 0 4 4 4
-5201.0 -594.8 -11.8 116 0 13.4 18.4 14.0 3.5 2 1 4 1 1
-5219.1 -585.4 -9.8 116 0 17.6 9.4 10.5 3.5 2 0 3 1 1
-5281.9 -556.2 -7.6 116 0 64.1 11.7 14.0 3.5 2 0 4 0 0
-5146.6 -526.7 -13.6 26 0 8.5 17.1 10.5 0.0 0 1 3 3 3
-5148.8 -543.1 -14.0 26 0 4.4 16.8 10.5 3.5 2 1 3 0 0
-5162.2 -578.3 -14.3 26 0 62.5 18.1 14.0 3.5 2 0 4 1 1
-5169.7 -524.8 -11.5 26 0 19.3 90.7 14.0 0.0 0 1 4 4 4
-5357.5 -485.2 -14.6 26 0 65.8 15.5 14.0 3.5 2 0 4 2 2
-5407.2 -504.4 -17.7 116 0 26.9 62.8 14.0 0.0 0 1 4 5 5
-5432.5 -455.0 -17.1 116 0 54.5 28.2 14.0 0.0 0 0 4 5 5
-5471.0 -428.6 -16.2 116 0 11.9 34.1 14.0 3.5 2 1 4 0 0
-5348.5 -427.2 -12.6 26 0 38.3 113.3 14.0 0.0 0 1 4 2 2
-5524.8 -399.0 -15.4 116 0 85.1 25.5 14.0 0.0 0 0 4 0 0
-5640.6 -397.3 -2.9 116 0 12.6 24.7 14.0 3.5 2 1 4 5 5
-5621.2 -408.1 -3.9 116 0 21.6 27.4 14.0 3.5 2 1 4 3 3
-5612.6 -375.9 -4.3 116 0 18.7 16.8 14.0 3.5 2 0 4 5 5
-5583.2 -370.8 -6.3 116 0 16.7 22.1 14.0 3.5 2 1 4 5 5
-5643.4 -354.5 -6.8 116 0 29.4 31.3 14.0 0.0 0 1 4 2 2
-5680.3 -357.4 -7.3 116 0 21.6 48.2 14.0 3.5 2 1 4 0 0
-5729.9 -319.0 -8.1 206 0 45.1 44.4 14.0 0.0 0 0 4 1 1
-5706.3 -248.2 -13.3 206 0 49.4 7.8 10.5 3.5 2 0 3 4 4
-5694.3 -255.7 -12.7 206 0 45.5 148.8 14.0 0.0 0 1 4 1 1
-5680.4 -187.2 -14.6 206 0 71.3 171.7 14.0 0.0 0 1 4 3 3
-5826.5 -91.8 -10.5 26 0 19.7 59.1 14.0 0.0 0 1 4 3 3
-5914.8 -204.2 -17.5 116 0 46.3 52.0 14.0 0.0 0 1 4 0 0
-5785.0 -231.3 -16.8 26 0 44.1 80.9 14.0 0.0 0 1 4 1 1
-5759.9 -296.2 -13.9 26 0 41.1 135.7 14.0 0.0 0 1 4 5 5
-5701.2 -189.5 -16.6 26 0 67.5 146.5 14.0 0.0 0 1 4 2 2
-5973.7 259.2 -25.0 202 0 52.7 18.5 14.0 3.5 2 0 4 0 0
-6006.0 264.0 -24.7 202 0 71.5 21.8 14.0 3.5 2 0 4 0 0
-6040.0 277.3 -27.3 202 0 71.7 24.1 14.0 0.0 0 0 4 1 1
-5914.7 189.5 -19.6 292 0 74.7 21.4 14.0 0.0 0 0 4 4 4
-5800.1 193.1 -21.9 292 0 104.7 61.5 14.0 0.0 0 0 4 3 3
-6201.1 -46.1 -20.4 202 0 90.7 104.5 14.0 0.0 0 1 4 5 5
-6159.8 70.0 -25.1 202 0 93.4 112.6 14.0 0.0 0 1 4 2 2
-5402.0 -2553.9 -22.8 108 0 33.8 7.4 10.5 3.5 2 0 3 3 3
-5442.9 -2569.1 -21.5 150 0 13.3 27.9 14.0 0.0 0 1 4 5 5
-5439.4 -2595.3 -21.0 118 0 46.2 13.7 14.0 3.5 2 0 4 0 0
-5395.9 -2617.0 -22.8 116 0 12.5 58.0 14.0 3.5 2 1 4 4 4
-5352.2 -2630.4 -21.9 120 0 17.3 12.9 14.0 3.5 2 0 4 0 0
-5358.2 -2645.8 -21.4 120 0 15.8 12.9 14.0 3.5 2 0 4 4 4
-5325.3 -2665.6 -21.8 120 0 48.0 15.5 14.0 3.5 2 0 4 1 1
-5395.3 -2706.4 -19.2 117 0 54.1 16.4 17.5 3.5 2 0 5 5 5
-5383.5 -2771.5 -17.9 56 0 47.3 15.7 17.5 3.5 2 0 5 3 3
-5435.6 -2788.9 -16.0 236 0 37.9 12.5 17.5 3.5 2 0 5 0 0
-5400.2 -2747.0 -18.0 56 0 43.6 11.6 17.5 3.5 4 0 5 4 4
-5413.2 -2713.2 -17.8 326 0 11.8 28.1 17.5 3.5 2 1 5 4 4
-5452.0 -2732.9 -16.8 236 0 24.9 11.9 17.5 3.5 2 0 5 0 0
-5488.3 -2697.1 -17.4 178 0 51.2 12.5 17.5 3.5 2 0 5 3 3
-5432.7 -2678.0 -18.5 27 0 14.9 34.6 17.5 3.5 2 1 5 5 5
-5487.5 -2658.0 -18.2 117 0 36.6 16.4 17.5 3.5 2 0 5 1 1
-5642.9 -2761.0 1.4 26 0 28.3 8.4 10.5 3.5 2 0 3 1 1
-5693.0 -2809.8 4.6 120 0 7.9 36.9 10.5 3.5 4 1 3 2 2
-5661.7 -2759.2 4.9 29 0 33.2 8.7 10.5 3.5 2 0 3 2 2
-5665.5 -2670.3 -0.9 202 0 14.5 30.1 14.0 0.0 0 1 4 2 2
-5634.3 -2703.7 0.2 29 0 8.6 8.6 10.5 3.5 2 1 3 3 3
-5633.0 -2742.9 -2.7 117 0 9.2 36.4 10.5 3.5 2 1 3 5 5
-5588.0 -2590.8 -9.1 203 0 12.1 16.2 14.0 3.5 4 1 4 5 5
-5559.1 -2625.0 -9.5 56 0 13.9 26.7 14.0 3.5 2 1 4 2 2
-5662.9 -2643.3 -4.2 174 0 36.0 14.3 14.0 3.5 2 0 4 2 2
-5645.6 -2587.8 -8.2 207 0 30.1 14.2 14.0 3.5 2 0 4 3 3
-5639.7 -2562.1 -9.6 207 0 13.0 39.0 14.0 3.5 2 1 4 2 2
-5553.3 -2643.9 -10.9 355 0 28.0 13.2 14.0 3.5 2 0 4 1 1
-5592.6 -2712.1 -9.6 85 0 32.9 13.1 14.0 3.5 2 0 4 0 0
-5558.1 -2707.4 -12.9 85 0 19.9 46.5 14.0 3.5 2 1 4 1 1
-5596.3 -2683.8 -9.0 85 0 36.2 24.9 14.0 0.0 0 0 4 1 1
-5611.3 -2612.8 -7.1 265 0 48.5 26.7 14.0 0.0 0 0 4 4 4
-5772.0 -2588.6 -1.5 212 0 12.2 22.7 14.0 3.5 2 1 4 0 0
-5734.5 -2602.5 -1.5 300 0 21.0 9.3 10.5 3.5 2 0 3 1 1
-5726.4 -2576.7 -8.0 117 0 19.0 11.5 14.0 3.5 2 0 4 0 0
-5748.9 -2540.0 -9.9 207 0 10.1 19.1 14.0 3.5 2 1 4 1 1
-5717.6 -2562.4 -9.1 117 0 20.9 10.1 14.0 3.5 2 0 4 3 3
-5706.5 -2592.3 -7.6 117 0 17.0 19.1 14.0 3.5 2 1 4 3 3
-5680.9 -2535.1 -10.8 297 0 9.8 19.6 10.5 0.0 0 1 3 2 2
-5694.0 -2519.7 -11.8 296 0 13.2 27.3 14.0 3.5 2 1 4 3 3
-5693.8 -2372.2 -23.9 116 0 21.3 43.9 14.0 3.5 2 1 4 0 0
-5732.3 -2344.4 -22.6 129 0 33.2 23.4 14.0 0.0 0 0 4 4 4
-5775.1 -2298.9 -22.7 211 0 24.3 17.4 14.0 3.5 2 0 4 2 2
-5739.4 -2274.7 -24.5 349 0 21.4 21.3 14.0 3.5 2 0 4 1 1
-5706.3 -2273.1 -25.6 276 0 30.3 18.5 14.0 3.5 2 0 4 3 3
-5657.1 -2293.2 -26.1 293 0 22.1 21.1 14.0 3.5 4 0 4 2 2
-5623.7 -2334.6 -25.5 288 0 20.6 26.0 14.0 3.5 2 1 4 3 3
-5602.6 -2374.2 -24.9 20 0 22.9 19.5 14.0 3.5 2 0 4 2 2
-5574.4 -2401.4 -23.5 25 0 22.0 22.4 14.0 3.5 2 1 4 0 0
-5557.7 -2424.5 -22.1 25 0 25.2 22.5 14.0 3.5 2 0 4 0 0
-5590.0 -2446.2 -19.9 30 0 21.4 19.6 14.0 3.5 2 0 4 1 1
-5610.7 -2461.9 -18.4 29 0 20.3 21.3 14.0 3.5 2 1 4 5 5
-5650.9 -2443.8 -19.3 29 0 19.8 20.2 14.0 3.5 2 1 4 2 2
-5653.5 -2402.6 -22.4 207 0 36.2 19.8 14.0 0.0 0 0 4 5 5
-5844.2 -2369.4 -19.0 114 0 16.9 41.3 14.0 3.5 2 1 4 5 5
-5789.9 -2378.4 -18.6 206 0 13.0 19.8 14.0 3.5 4 1 4 4 4
-5779.9 -2412.3 -17.9 118 0 35.6 14.0 14.0 3.5 2 0 4 0 0
-5758.3 -2390.4 -18.7 298 0 15.2 12.5 14.0 3.5 4 0 4 1 1
-5749.9 -2425.3 -18.1 130 0 28.9 12.1 14.0 3.5 2 0 4 2 2
-5780.0 -2335.2 -20.3 309 0 58.2 12.8 14.0 3.5 2 0 4 1 1
-5731.2 -2376.4 -20.1 309 0 57.2 12.0 14.0 3.5 4 0 4 0 0
-5851.9 -2507.6 -11.4 119 0 17.7 29.7 14.0 3.5 2 1 4 5 5
-5812.2 -2529.7 -11.1 119 0 47.5 22.2 14.0 3.5 2 0 4 1 1
-5766.8 -2535.9 -10.9 29 0 27.1 13.0 14.0 3.5 2 0 4 2 2
-5751.9 -2506.0 -14.0 29 0 26.0 38.4 14.0 0.0 0 1 4 3 3
-5806.2 -2461.1 -14.2 299 0 38.9 25.4 14.0 0.0 0 0 4 4 4
-5870.5 -2434.2 -13.2 209 0 13.7 36.5 14.0 3.5 2 1 4 0 0
-5889.6 -2433.2 -9.6 209 0 28.7 13.9 14.0 0.0 0 0 4 5 5
-5907.7 -2482.1 -5.2 119 0 14.2 30.3 14.0 3.5 2 1 4 2 2
-5882.2 -2497.8 -6.8 119 0 36.5 16.3 14.0 3.5 2 0 4 2 2
-5938.1 -2584.2 -2.0 157 0 45.8 8.9 10.5 0.0 0 0 3 1 1
-5939.5 -2556.8 -2.0 119 0 12.2 23.1 14.0 3.5 2 1 4 0 0
-5915.4 -2586.1 2.1 119 0 14.0 37.8 14.0 3.5 2 1 4 3 3
-5929.3 -2512.7 -1.7 210 0 27.5 50.5 14.0 0.0 0 1 4 3 3
-5853.6 -2539.1 -2.3 300 0 44.2 26.6 14.0 0.0 0 0 4 4 4
-5795.0 -2585.7 -2.8 30 0 25.6 45.9 14.0 0.0 0 1 4 5 5
-5999.0 -2205.9 -25.9 24 0 30.1 68.1 14.0 0.0 0 1 4 4 4
-5883.6 -2314.1 -19.3 207 0 50.5 14.3 14.0 3.5 2 0 4 1 1
-5894.8 -2309.5 -17.7 27 0 58.6 17.6 14.0 3.5 2 0 4 0 0
-5924.9 -2294.2 -15.7 27 0 60.5 21.8 14.0 3.5 2 0 4 3 3
-5946.3 -2246.6 -17.3 297 0 15.7 61.7 14.0 3.5 2 1 4 0 0
-5974.9 -2220.8 -20.1 297 0 20.9 73.4 14.0 3.5 2 1 4 1 1
-5997.3 -2353.3 -12.4 300 0 35.9 14.6 10.5 3.5 2 0 3 0 0
-6050.6 -2407.8 -9.8 76 0 11.9 38.8 10.5 3.5 2 1 3 0 0
-6073.8 -2339.9 -15.1 166 0 30.9 11.6 10.5 0.0 0 0 3 0 0
-6105.1 -2340.6 -12.1 352 0 8.7 79.6 10.5 3.5 2 1 3 1 1
-6414.0 -2295.8 -9.6 36 0 31.9 12.9 14.0 0.0 0 0 4 1 1
-6337.4 -2293.6 -12.2 127 0 38.7 11.3 14.0 3.5 2 0 4 1 1
-6301.7 -2320.5 -10.2 127 0 43.2 10.5 14.0 3.5 2 0 4 3 3
-6356.2 -2353.1 -6.0 216 0 63.9 29.5 14.0 0.0 0 0 4 2 2
-6240.5 -2399.4 -1.1 307 0 34.1 34.4 14.0 0.0 0 1 4 5 5
-4755.8 -3301.9 -11.8 293 0 21.0 29.8 17.5 0.0 0 1 5 5 5
-4820.1 -3328.5 -13.8 138 0 29.8 20.7 17.5 0.0 0 0 5 5 5
-4852.2 -3275.9 -14.4 155 0 67.9 31.1 17.5 0.0 0 0 5 0 0
-4864.1 -3215.3 -16.7 158 0 20.1 8.6 10.5 3.5 2 0 3 4 4
-4886.7 -3191.1 -17.5 159 0 20.2 18.2 17.5 3.5 2 0 5 4 4
-4913.4 -3138.1 -13.3 154 0 20.1 20.0 17.5 0.0 0 0 5 2 2
-4899.5 -3163.9 -12.4 158 0 22.0 20.9 17.5 3.5 2 0 5 0 0
-4855.7 -3200.6 -14.4 157 0 49.8 11.2 17.5 3.5 4 0 5 0 0
-4878.3 -3142.8 -11.3 157 0 51.6 10.0 10.5 3.5 2 0 3 0 0
-4909.2 -3088.1 -13.2 211 0 33.8 14.1 17.5 3.5 2 0 5 1 1
-4870.5 -3081.0 -11.1 295 0 21.9 13.7 17.5 3.5 2 0 5 5 5
-4828.7 -3116.7 -9.3 318 0 62.5 12.6 17.5 3.5 2 0 5 3 3
-4792.7 -3172.0 -8.7 339 0 47.0 16.0 17.5 3.5 2 0 5 1 1
-4782.1 -3229.7 -11.7 357 0 49.2 14.0 17.5 3.5 2 0 5 0 0
-4874.3 -3015.7 -13.6 210 0 20.8 14.2 17.5 3.5 2 0 5 2 2
-4884.0 -3043.2 -11.4 208 0 22.0 11.3 17.5 3.5 2 0 5 0 0
-4870.6 -3060.9 -13.3 115 0 10.1 48.1 17.5 3.5 4 1 5 0 0
-4848.5 -3077.6 -10.4 117 0 9.8 18.9 10.5 3.5 2 1 3 3 3
-4836.9 -3085.1 -12.7 117 0 11.3 52.9 17.5 3.5 2 1 5 0 0
-4812.5 -3099.6 -11.8 119 0 14.7 47.4 17.5 3.5 4 1 5 1 1
-4791.0 -3140.1 -11.5 116 0 22.6 74.4 17.5 0.0 0 1 5 4 4
-4761.1 -3161.0 -10.7 119 0 21.8 76.3 17.5 0.0 0 1 5 3 3
-4754.1 -3277.8 -9.9 116 0 29.8 65.9 17.5 0.0 0 1 5 5 5
-4677.5 -3137.1 -8.3 19 0 51.3 25.2 17.5 3.5 2 0 5 3 3
-4699.4 -3191.1 0.9 19 0 48.7 28.6 17.5 0.0 0 0 5 3 3
-4669.8 -3390.3 -6.8 107 0 22.6 18.1 17.5 3.5 4 0 5 0 0
-4631.5 -3406.3 -5.0 109 0 36.5 18.4 17.5 0.0 0 0 5 3 3
-4725.6 -3356.8 -10.7 210 0 29.1 21.7 17.5 0.0 0 0 5 5 5
-4185.6 -3515.8 -5.2 58 0 27.6 60.1 17.5 0.0 0 1 5 3 3
-4285.8 -3263.3 12.0 267 0 23.0 23.3 17.5 3.5 2 1 5 1 1
-4316.3 -3263.2 7.8 267 0 20.6 19.8 17.5 3.5 2 0 5 2 2
-4357.0 -3294.9 7.5 177 0 75.6 23.5 17.5 0.0 0 0 5 1 1
-4507.5 -3406.8 5.9 114 0 18.7 52.3 17.5 3.5 2 1 5 1 1
-4422.2 -3227.9 8.4 299 0 24.5 52.5 17.5 3.5 2 1 5 2 2
-4473.8 -3196.9 4.3 293 0 27.0 54.6 17.5 3.5 2 1 5 2 2
-4531.6 -3285.8 17.1 260 0 27.8 28.3 17.5 0.0 0 1 5 3 3
-4555.8 -3389.0 5.5 117 0 25.1 54.5 17.5 3.5 2 1 5 1 1
-4606.7 -3374.0 2.4 119 0 28.1 52.9 17.5 0.0 0 1 5 0 0
-4578.7 -3276.5 13.2 257 0 24.6 33.5 17.5 0.0 0 1 5 4 4
-4586.9 -3246.2 10.3 160 0 33.0 25.8 17.5 0.0 0 0 5 4 4
-4534.0 -3197.4 5.5 292 0 20.1 25.7 17.5 3.5 2 1 5 4 4
-4526.7 -3163.1 -0.1 295 0 19.1 29.6 17.5 0.0 0 1 5 1 1
-4569.5 -3138.8 -3.6 302 0 20.8 28.1 17.5 3.5 2 1 5 5 5
-4588.0 -3170.3 2.2 284 0 20.4 59.7 17.5 3.5 2 0 5 2 2
-4624.1 -3265.9 10.0 196 0 58.7 21.0 17.5 3.5 2 0 5 3 3
-4652.6 -3327.9 -0.8 207 0 56.8 24.0 17.5 0.0 0 0 5 3 3
-4657.3 -3233.7 8.4 195 0 64.9 19.3 17.5 3.5 2 0 5 4 4
-4680.9 -3304.9 -2.3 208 0 62.6 12.3 17.5 3.5 2 0 5 3 3
-3977.5 -932.2 -22.4 257 0 19.0 17.7 7.5 0.0 0 0 3 0 0
-4004.9 -948.7 -22.5 228 0 18.6 16.0 10.0 2.5 2 0 4 0 0
-3901.2 -927.1 -22.3 350 0 20.9 28.2 7.5 2.5 2 1 3 2 2
-3927.0 -996.0 -22.5 65 0 16.2 17.2 10.0 2.5 2 1 4 3 3
-4010.2 -1105.5 -16.7 115 0 19.8 100.2 12.5 0.0 0 1 5 1 1
-4042.4 -1087.2 -18.6 116 0 20.6 98.0 15.0 0.0 0 1 6 3 3
-4020.9 -967.9 -22.6 295 0 15.6 100.3 10.0 2.5 2 1 4 1 1
-4171.0 -1098.0 -18.3 209 0 20.3 47.3 10.0 2.5 2 1 4 5 5
-4509.4 -743.7 -10.8 164 0 15.5 19.5 14.0 3.5 2 1 4 4 4
-4518.9 -761.9 -10.2 16 0 23.9 14.9 10.5 3.5 4 0 3 1 1
-4551.1 -825.8 -14.6 43 0 15.3 16.1 10.5 3.5 2 1 3 5 5
-4653.0 -878.6 -20.6 291 0 20.6 23.8 14.0 3.5 2 1 4 4 4
-4619.3 -865.3 -18.7 201 0 11.0 21.4 14.0 3.5 2 1 4 0 0
-4545.2 -912.1 -21.8 21 0 16.1 60.2 14.0 3.5 4 1 4 3 3
-4679.7 -860.6 -15.8 83 0 98.7 17.2 10.5 0.0 0 0 3 5 5
-4758.2 -847.0 -15.9 207 0 15.5 28.0 10.5 0.0 0 1 3 2 2
-4765.0 -843.9 -14.0 27 0 16.4 78.4 14.0 3.5 2 1 4 3 3
-4692.9 -681.1 -6.8 39 0 47.7 19.7 14.0 0.0 0 0 4 4 4
-4713.2 -661.9 -11.8 41 0 57.4 33.5 14.0 0.0 0 0 4 3 3
-4714.3 -523.4 -22.2 315 0 101.8 155.8 14.0 0.0 0 1 4 2 2
-4923.1 -735.1 -26.1 136 0 96.0 108.0 14.0 0.0 0 1 4 4 4
-5326.3 -435.3 -10.5 26 0 33.5 12.7 14.0 3.5 2 0 4 4 4
-5311.1 -411.2 -8.7 26 0 14.7 15.2 14.0 3.5 4 1 4 2 2
-5345.7 -391.9 -10.7 26 0 15.6 17.4 14.0 3.5 2 1 4 3 3
-5375.5 -376.4 -10.2 26 0 15.6 28.0 14.0 3.5 2 1 4 2 2
-5435.8 -346.2 -8.6 26 0 14.9 18.8 14.0 3.5 2 1 4 1 1
-5442.3 -312.9 -5.4 26 0 12.5 16.2 14.0 3.5 2 1 4 0 0
-5401.0 -333.8 -6.8 26 0 15.5 14.2 14.0 3.5 2 0 4 2 2
-5376.5 -347.2 -7.5 26 0 14.3 18.8 14.0 3.5 2 1 4 4 4
-5353.2 -361.3 -8.4 26 0 14.1 19.2 14.0 3.5 2 1 4 1 1
-5329.1 -370.8 -8.9 26 0 15.9 13.3 14.0 3.5 2 0 4 0 0
-5309.4 -382.7 -8.6 26 0 13.1 17.9 14.0 3.5 2 1 4 2 2
-5301.0 -394.7 -6.4 116 0 8.5 15.1 10.5 3.5 2 1 3 0 0
-5274.4 -400.0 -4.0 206 0 16.0 14.2 14.0 3.5 2 0 4 3 3
-5189.9 -443.2 -9.4 27 0 15.5 15.0 14.0 3.5 2 0 4 4 4
-5161.2 -457.1 -11.8 27 0 15.2 18.9 14.0 3.5 4 1 4 2 2
-5139.0 -469.9 -13.7 27 0 15.5 17.3 14.0 3.5 4 1 4 4 4
-5243.3 -448.7 -6.4 206 0 17.0 17.5 14.0 0.0 0 1 4 1 1
-5205.2 -466.9 -8.3 29 0 14.6 17.3 14.0 3.5 2 1 4 1 1
-5170.9 -484.8 -11.2 28 0 15.7 22.9 14.0 3.5 2 1 4 0 0
-5152.4 -493.7 -12.7 29 0 15.4 16.7 14.0 3.5 2 1 4 1 1
-5041.8 -700.3 -22.6 115 0 9.2 21.7 10.5 3.5 2 1 3 5 5
-5072.8 -680.3 -25.3 118 0 14.5 31.0 14.0 3.5 2 1 4 1 1
-5107.8 -645.4 -23.9 206 0 32.1 18.6 14.0 3.5 2 0 4 2 2
-5156.4 -640.5 -19.7 207 0 18.1 25.6 14.0 0.0 0 1 4 4 4
-5140.6 -615.5 -20.5 205 0 15.1 28.3 14.0 3.5 2 1 4 5 5
-5111.0 -573.8 -21.1 210 0 55.8 19.2 14.0 3.5 2 0 4 0 0
-4971.5 -494.0 -8.5 301 0 21.1 36.9 14.0 0.0 0 1 4 1 1
-4107.2 -3892.8 -14.6 115 0 71.5 29.7 14.0 0.0 0 0 4 4 4
-4024.8 -3701.1 -3.2 213 0 50.0 13.8 17.5 3.5 2 0 5 3 3
-3972.2 -3727.2 -3.0 215 0 18.5 13.0 17.5 3.5 2 0 5 2 2
-3952.1 -3695.7 -0.9 218 0 8.4 19.3 10.5 0.0 0 1 3 1 1
-3956.0 -3742.0 -1.4 217 0 23.4 10.3 17.5 3.5 2 0 5 1 1
-3885.9 -3765.7 3.0 14 0 11.4 35.9 17.5 0.0 0 1 5 1 1
-3870.0 -3746.9 6.6 14 0 27.1 12.2 17.5 3.5 2 0 5 4 4
-3861.4 -3701.8 6.0 11 0 57.7 13.6 17.5 3.5 4 0 5 2 2
-3857.2 -3638.5 5.2 285 0 12.4 28.9 17.5 3.5 4 1 5 5 5
-3890.7 -3630.2 2.4 204 0 30.1 15.3 17.5 3.5 2 0 5 5 5
-3889.0 -3653.6 2.8 280 0 13.5 42.6 17.5 3.5 2 1 5 2 2
-3936.9 -3681.9 -0.2 221 0 22.4 10.9 17.5 3.5 2 0 5 4 4
-3995.4 -3655.6 -0.5 221 0 43.1 13.6 17.5 3.5 2 0 5 0 0
-3976.7 -3673.8 -2.1 221 0 34.6 10.3 17.5 0.0 0 0 5 5 5
-3936.1 -3653.9 -1.5 221 0 42.7 13.6 17.5 3.5 4 0 5 5 5
-3950.6 -3637.2 -1.8 221 0 39.7 11.6 17.5 0.0 0 0 5 2 2
-3967.7 -3619.8 -0.1 221 0 38.7 11.1 17.5 3.5 2 0 5 4 4
-3924.5 -3602.0 -1.5 221 0 36.2 8.9 10.5 3.5 2 0 3 4 4
-3938.5 -3588.2 -0.1 221 0 36.0 8.4 10.5 3.5 2 0 3 1 1
-3912.2 -3557.0 -0.5 221 0 33.3 11.8 17.5 3.5 4 0 5 4 4
-3891.9 -3577.4 -0.4 221 0 34.0 9.8 10.5 3.5 2 0 3 1 1
-3855.4 -3587.3 2.0 311 0 19.3 33.5 17.5 0.0 0 1 5 3 3
-3836.1 -3605.0 4.8 311 0 11.8 34.0 17.5 3.5 2 1 5 4 4
-3808.9 -3575.9 6.0 311 0 12.8 35.5 17.5 3.5 4 1 5 2 2
-3871.6 -3521.2 -0.5 311 0 11.1 33.2 17.5 3.5 4 1 5 1 1
-3852.1 -3540.5 0.8 311 0 11.5 32.9 17.5 3.5 4 1 5 3 3
-3833.4 -3557.7 3.1 311 0 14.7 32.7 17.5 3.5 4 1 5 0 0
-3829.1 -3280.5 19.8 255 0 35.6 16.8 21.0 0.0 0 0 6 0 0
-3872.1 -3294.6 20.8 238 0 33.3 20.9 21.0 0.0 0 0 6 0 0
-3825.1 -3390.0 10.2 43 0 20.9 46.0 21.0 0.0 0 1 6 1 1
-3808.9 -3365.1 10.8 48 0 21.2 12.7 21.0 0.0 0 0 6 4 4
-3786.0 -3383.4 7.4 50 0 23.1 11.8 21.0 0.0 0 0 6 1 1
-3781.2 -3355.9 10.4 43 0 14.0 54.4 21.0 3.5 2 1 6 0 0
-3771.6 -3312.5 17.2 313 0 52.8 15.5 21.0 0.0 0 0 6 4 4
-3778.6 -3369.1 10.2 142 0 13.8 42.6 21.0 0.0 0 1 6 3 3
-3770.4 -3494.1 4.9 319 0 10.7 21.9 17.5 3.5 2 1 5 0 0
-3750.5 -3531.2 7.7 51 0 31.0 21.0 17.5 0.0 0 0 5 2 2
-3735.8 -3399.1 9.5 297 0 31.8 11.6 17.5 3.5 2 0 5 4 4
-3698.8 -3425.3 13.4 27 0 11.9 24.0 17.5 3.5 2 1 5 1 1
-3706.2 -3458.0 11.5 19 0 45.3 15.2 17.5 3.5 2 0 5 1 1
-3727.5 -3426.2 7.4 318 0 14.6 33.8 17.5 0.0 0 1 5 2 2
-3779.0 -3457.6 3.3 222 0 30.0 11.8 17.5 3.5 2 0 5 5 5
-3738.2 -3469.6 7.3 314 0 13.9 31.7 17.5 3.5 2 1 5 1 1
-3775.7 -3409.6 5.3 222 0 26.7 11.3 17.5 3.5 2 0 5 2 2
-3800.7 -3438.7 3.8 220 0 27.3 10.5 17.5 3.5 2 0 5 0 0
-3803.6 -3555.5 5.7 134 0 15.7 31.9 17.5 3.5 2 1 5 0 0
-3825.9 -3532.9 3.0 130 0 12.5 34.6 17.5 3.5 2 1 5 1 1
-3864.6 -3516.2 0.5 130 0 14.7 50.0 17.5 0.0 0 1 5 4 4
-4024.1 -3518.7 9.1 249 0 22.3 10.3 21.0 0.0 0 0 6 5 5
-4000.9 -3506.8 9.0 242 0 26.0 12.5 21.0 0.0 0 0 6 1 1
-3951.5 -3494.1 7.7 218 0 27.6 12.0 21.0 0.0 0 0 6 0 0
-3969.1 -3553.1 3.9 48 0 15.9 9.3 10.5 0.0 0 0 3 4 4
-3985.9 -3566.3 4.3 46 0 16.8 9.7 10.5 0.0 0 0 3 2 2
-3988.5 -3601.5 2.7 48 0 24.5 9.6 10.5 0.0 0 0 3 0 0
-3967.4 -3586.6 2.3 45 0 19.2 12.9 21.0 0.0 0 0 6 2 2
-3952.0 -3568.7 2.2 42 0 18.8 9.1 10.5 0.0 0 0 3 5 5
-3923.3 -3511.3 5.6 44 0 17.1 10.8 21.0 0.0 0 0 6 5 5
-3907.7 -3492.7 7.4 40 0 21.0 11.9 21.0 0.0 0 0 6 3 3
-3895.8 -3505.5 4.6 42 0 24.7 8.8 10.5 0.0 0 0 3 4 4
-3924.6 -3539.9 2.3 45 0 54.9 13.0 21.0 3.5 2 0 6 0 0
-3848.3 -3423.0 9.7 44 0 35.7 20.7 21.0 0.0 0 0 6 2 2
-3867.1 -3474.7 5.8 42 0 49.3 11.9 21.0 0.0 0 0 6 2 2
-3892.1 -3469.9 9.2 42 0 19.9 28.7 21.0 0.0 0 1 6 2 2
-3872.8 -3449.1 10.4 38 0 13.5 40.4 21.0 0.0 0 1 6 1 1
-3929.7 -3454.3 11.2 197 0 51.9 9.3 10.5 0.0 0 0 3 1 1
-3945.8 -3428.6 14.9 201 0 71.1 12.7 21.0 3.5 2 0 6 5 5
-4040.6 -3495.1 11.2 158 0 9.8 24.6 10.5 3.5 2 1 3 3 3
-3991.7 -3470.1 15.0 43 0 20.3 9.8 10.5 3.5 2 0 3 5 5
-3977.7 -3437.3 16.0 299 0 10.9 22.2 17.5 3.5 2 1 5 3 3
-4016.1 -3423.6 13.7 291 0 14.9 13.8 17.5 3.5 2 0 5 5 5
-4041.0 -3470.8 9.5 120 0 13.4 34.5 17.5 3.5 2 1 5 2 2
-3996.5 -3441.4 15.2 29 0 12.6 13.5 17.5 3.5 2 1 5 1 1
-3958.8 -3329.6 28.9 109 0 33.8 14.4 17.5 3.5 2 0 5 5 5
-3946.6 -3340.2 26.7 294 0 15.2 16.8 17.5 3.5 2 1 5 4 4
-3980.8 -3425.2 20.1 110 0 18.2 17.6 17.5 3.5 2 0 5 5 5
-3959.8 -3383.9 22.8 23 0 47.9 22.7 17.5 3.5 2 0 5 4 4
-4511.5 -3682.1 -15.6 188 0 5.5 8.8 10.5 3.5 2 1 3 2 2
-4493.3 -3690.7 -15.5 192 0 8.8 11.2 10.5 3.5 2 1 3 1 1
-4416.3 -3763.0 -12.1 239 0 22.2 14.4 17.5 3.5 2 0 5 5 5
-4469.9 -3733.9 -15.1 135 0 60.5 21.8 14.0 3.5 2 0 4 4 4
-4308.3 -3857.8 -9.5 8 0 16.4 12.6 17.5 3.5 2 0 5 1 1
-4312.8 -3884.0 -11.6 8 0 28.2 13.4 17.5 3.5 2 0 5 3 3
-4397.3 -3746.5 -7.5 230 0 13.2 19.8 17.5 3.5 2 1 5 2 2
-4398.5 -3741.3 -11.3 48 0 13.3 76.9 14.0 3.5 2 1 4 5 5
-4457.3 -3664.8 -15.3 319 0 30.7 25.0 14.0 3.5 4 0 4 5 5
-4402.9 -3521.3 -7.8 11 0 9.3 26.0 10.5 3.5 2 1 3 2 2
-4444.5 -3582.4 -12.9 20 0 7.6 24.1 10.5 3.5 4 1 3 1 1
-4436.3 -3562.6 -13.6 20 0 11.8 29.8 17.5 3.5 2 1 5 1 1
-4450.3 -3491.5 -6.2 282 0 9.4 14.8 10.5 3.5 2 1 3 5 5
-4437.8 -3510.2 -9.4 283 0 10.1 21.3 17.5 3.5 2 1 5 0 0
-4475.3 -3553.3 -13.4 116 0 13.0 13.8 17.5 3.5 2 1 5 5 5
-4481.7 -3572.2 -14.3 112 0 13.3 17.0 17.5 3.5 2 1 5 4 4
-4482.6 -3583.6 -13.2 201 0 9.7 42.6 10.5 3.5 2 1 3 3 3
-4406.8 -3542.2 -11.3 16 0 26.5 10.3 17.5 3.5 2 0 5 4 4
-4460.1 -3506.0 -10.9 286 0 12.8 32.0 17.5 0.0 0 1 5 0 0
-4415.3 -3576.3 -11.4 16 0 40.3 12.7 17.5 3.5 2 0 5 1 1
-4474.0 -3625.4 -12.8 105 0 40.6 8.2 10.5 0.0 0 0 3 4 4
-5236.0 1713.1 3.4 305 0 32.2 16.8 10.0 2.5 2 0 4 2 2
-5300.6 1741.4 2.0 209 0 14.7 41.7 12.5 2.5 2 1 5 4 4
-5280.6 1784.3 6.7 206 0 41.6 15.2 12.5 2.5 2 0 5 1 1
-5172.4 1824.1 5.0 31 0 63.1 28.2 12.5 0.0 0 0 5 5 5
-5237.8 1863.1 5.2 209 0 65.2 34.3 7.5 0.0 0 0 3 4 4
-5328.0 1680.9 -5.4 215 0 31.1 107.5 10.0 0.0 0 1 4 0 0
-5390.1 1524.4 -6.6 119 0 41.3 78.6 10.0 0.0 0 1 4 3 3
-5356.2 1502.0 -2.3 119 0 20.2 128.1 12.5 0.0 0 1 5 1 1
-5284.2 1531.4 0.2 29 0 129.9 28.7 12.5 0.0 0 0 5 2 2
1803.5 -1776.4 -14.1 2 0 55.4 22.8 10.0 2.5 2 0 4 5 5
1807.5 -1701.9 -15.1 5 0 35.3 25.4 10.0 0.0 0 0 4 0 0
1809.2 -1656.5 -15.9 4 0 36.6 27.0 10.0 0.0 0 0 4 1 1
1710.2 -1149.7 -8.3 28 0 13.0 7.0 7.5 2.5 2 0 3 2 2
1658.5 -1233.2 -11.4 208 0 8.6 5.8 7.5 0.0 0 0 3 2 2
1652.5 -1245.7 -11.8 208 0 6.9 7.8 7.5 2.5 2 1 3 1 1
1656.1 -1214.4 -10.9 209 0 10.6 6.6 2.5 2.5 2 0 1 5 5
1636.6 -1252.7 -12.3 209 0 12.8 9.5 5.0 2.5 2 0 2 0 0
1568.8 -1330.6 -14.9 28 0 35.2 8.2 7.5 2.5 2 0 3 5 5
1580.3 -1300.0 -14.9 298 0 8.8 14.7 5.0 2.5 2 0 2 5 5
1596.5 -1278.8 -14.0 28 0 25.8 10.7 5.0 2.5 2 0 2 5 5
1616.9 -1240.0 -12.5 28 0 24.6 8.1 2.5 2.5 2 0 1 5 5
1632.2 -1214.7 -11.6 28 0 23.0 11.6 12.5 2.5 2 0 5 2 2
1650.3 -1179.3 -10.7 28 0 47.9 11.2 10.0 2.5 2 0 4 3 3
4940.6 -2616.0 -5.6 210 0 6.7 8.5 5.0 2.5 4 1 2 0 0
4956.9 -2598.4 -5.6 166 0 15.2 8.2 5.0 2.5 2 0 2 2 2
4719.4 -2645.0 1.0 136 0 47.4 8.4 7.5 2.5 2 0 3 1 1
4719.7 -2608.8 3.1 226 0 9.8 45.8 7.5 2.5 2 1 3 1 1
4764.8 -2711.4 -3.1 86 0 16.8 9.6 7.5 2.5 4 0 3 5 5
4783.7 -2685.9 -0.4 57 0 19.6 15.4 10.0 2.5 2 0 4 0 0
4768.9 -2728.2 -6.1 269 0 21.6 14.8 12.5 2.5 2 0 5 2 2
4893.5 -2549.8 1.8 266 0 8.6 24.1 7.5 2.5 2 1 3 2 2
4840.1 -2471.8 11.3 287 0 16.1 10.0 5.0 2.5 2 0 2 0 0
4857.1 -2477.2 10.8 283 0 12.7 8.4 5.0 2.5 4 0 2 5 5
4881.3 -2504.1 4.2 264 0 12.4 34.1 10.0 2.5 2 1 4 0 0
4867.9 -2629.6 1.1 126 0 8.9 40.4 7.5 2.5 2 1 3 0 0
4934.5 -2596.3 -3.2 31 0 11.5 9.6 7.5 0.0 0 0 3 3 3
4948.1 -2625.9 -6.1 298 0 10.7 16.1 10.0 2.5 2 1 4 3 3
5096.6 -2578.2 -1.1 124 0 26.5 8.2 7.5 2.5 4 0 3 5 5
5221.6 -2591.8 1.6 265 0 15.5 7.6 5.0 2.5 2 0 2 3 3
5199.7 -2600.3 0.6 238 0 11.0 8.9 7.5 2.5 2 0 3 1 1
5184.7 -2614.3 -0.3 238 0 19.8 7.5 5.0 2.5 2 0 2 3 3
5161.3 -2614.3 0.2 72 0 12.7 10.8 7.5 2.5 2 0 3 3 3
5156.7 -2627.0 -0.8 213 0 8.2 14.2 5.0 2.5 2 1 2 3 3
5131.1 -2630.6 -0.9 311 0 16.8 9.5 5.0 2.5 2 0 2 2 2
5096.6 -2603.7 -1.1 307 0 18.4 10.9 2.5 0.0 0 0 1 4 4
5077.6 -2588.5 -1.8 304 0 19.1 7.3 2.5 2.5 4 0 1 3 3
5093.9 -2591.1 -1.3 126 0 36.2 8.2 7.5 0.0 0 0 3 0 0
5119.6 -2609.6 -0.1 125 0 19.2 9.9 5.0 2.5 2 0 2 3 3
5164.0 -2652.6 -2.2 309 0 24.0 11.9 10.0 2.5 2 0 4 4 4
5208.8 -2681.2 -3.5 303 0 20.3 8.3 7.5 2.5 2 0 3 5 5
5272.2 -2703.7 -3.1 38 0 13.0 29.2 12.5 0.0 0 1 5 5 5
5220.8 -2676.1 -2.7 124 0 40.8 13.2 12.5 2.5 4 0 5 1 1
5183.5 -2652.3 -2.0 127 0 34.8 9.6 7.5 0.0 0 0 3 1 1
5072.7 -2598.0 -2.1 302 0 8.2 28.0 7.5 2.5 2 1 3 3 3
5040.0 -2614.7 -3.1 118 0 25.6 13.1 15.0 0.0 0 0 6 0 0
5028.3 -2549.9 -3.3 116 0 7.5 9.6 7.5 0.0 0 1 3 0 0
5059.3 -2567.2 -2.3 116 0 14.6 9.3 2.5 2.5 2 0 1 2 2
5050.3 -2571.1 -3.0 299 0 29.6 8.0 7.5 2.5 2 0 3 0 0
4995.6 -2559.4 -4.5 264 0 7.2 7.6 7.5 2.5 2 1 3 2 2
4977.0 -2578.0 -5.1 257 0 7.4 14.0 7.5 2.5 2 1 3 2 2
4969.3 -2568.1 -5.5 253 0 17.8 7.9 5.0 2.5 2 0 2 0 0
5007.6 -2559.3 -4.1 277 0 9.1 12.3 7.5 2.5 2 1 3 0 0
5009.6 -2548.8 -4.3 89 0 20.9 9.5 7.5 2.5 2 0 3 2 2
4985.1 -2553.1 -5.1 71 0 21.8 10.7 10.0 2.5 2 0 4 1 1
4962.6 -2558.0 -5.3 73 0 15.6 11.5 7.5 2.5 2 0 3 3 3
4838.3 -2711.9 -2.1 249 0 25.9 14.9 12.5 2.5 2 0 5 1 1
4809.5 -2723.1 -4.1 250 0 25.2 12.9 12.5 2.5 2 0 5 5 5
4883.7 -2669.2 -0.6 34 0 6.9 10.8 7.5 2.5 4 1 3 0 0
4845.9 -2691.6 1.3 68 0 24.6 10.0 7.5 2.5 2 0 3 4 4
4799.5 -2708.0 -1.4 68 0 6.9 11.2 7.5 2.5 2 1 3 0 0
4818.4 -2701.9 -0.6 70 0 23.8 11.1 10.0 2.5 2 0 4 2 2
4891.5 -2659.4 -1.1 39 0 11.9 10.0 2.5 2.5 2 0 1 4 4
4916.5 -2545.2 -0.7 272 0 11.0 29.7 7.5 2.5 2 1 3 4 4
4923.9 -2614.5 -2.8 28 0 21.4 9.4 7.5 2.5 2 0 3 3 3
4908.6 -2640.5 -2.4 33 0 27.2 8.7 2.5 2.5 2 0 1 5 5
4903.6 -2674.6 -4.7 218 0 27.9 12.0 12.5 2.5 2 0 5 0 0
4889.8 -2696.4 -3.7 222 0 10.1 11.1 5.0 2.5 2 1 2 3 3
4878.1 -2753.0 -3.7 53 0 12.7 17.9 7.5 2.5 2 1 3 5 5
4890.3 -2742.1 -4.6 51 0 13.2 18.3 5.0 2.5 2 1 2 1 1
-4396.1 -3644.0 -5.3 261 0 65.6 14.1 21.0 3.5 2 0 6 4 4
-4423.6 -3685.3 -7.0 137 0 22.7 18.2 21.0 0.0 0 0 6 3 3
-4326.6 -3615.0 -2.2 76 0 15.4 15.4 17.5 3.5 2 1 5 1 1
-4359.2 -3620.0 -5.1 80 0 39.4 15.0 17.5 3.5 2 0 5 0 0
-4386.4 -3507.0 -5.6 192 0 9.4 22.7 10.5 3.5 2 1 3 0 0
-4375.3 -3543.8 -8.2 189 0 33.0 11.9 17.5 3.5 2 0 5 2 2
-4358.5 -3597.1 -7.2 70 0 21.4 27.6 17.5 3.5 2 1 5 1 1
-4406.4 -3593.6 -8.4 190 0 24.2 15.8 17.5 0.0 0 0 5 1 1
-4378.4 -3473.0 -3.4 194 0 48.5 15.2 17.5 3.5 2 0 5 3 3
-4394.4 -3543.1 -9.1 192 0 46.3 14.0 17.5 3.5 2 0 5 5 5
-4254.5 -3492.5 -6.3 69 0 19.1 33.5 17.5 0.0 0 1 5 4 4
-4290.6 -3467.3 -6.4 249 0 16.4 34.9 17.5 0.0 0 1 5 5 5
-4052.8 -3496.8 4.2 337 0 19.2 84.3 17.5 0.0 0 1 5 5 5
-4170.7 -3537.3 1.1 64 0 55.2 17.9 17.5 3.5 2 0 5 4 4
-4162.5 -3553.2 3.2 64 0 58.3 13.5 17.5 3.5 2 0 5 2 2
-4325.3 -3450.6 -2.2 155 0 22.0 42.3 17.5 0.0 0 1 5 5 5
-4339.5 -3476.5 -4.8 249 0 11.5 20.5 17.5 3.5 2 1 5 2 2
-4356.7 -3527.4 -7.6 162 0 11.2 47.0 17.5 3.5 2 1 5 2 2
-4315.3 -3464.5 -6.2 252 0 13.4 43.2 17.5 3.5 2 1 5 1 1
-4284.7 -3530.1 -6.9 71 0 16.3 20.8 17.5 3.5 2 1 5 0 0
-4269.9 -3566.2 -2.7 69 0 14.1 17.8 17.5 3.5 2 1 5 0 0
-4297.8 -3578.2 -4.2 69 0 13.8 23.6 17.5 0.0 0 1 5 3 3
-4317.2 -3523.7 -7.3 252 0 11.5 19.5 17.5 3.5 2 1 5 4 4
-4353.7 -3547.0 -8.3 162 0 19.6 17.1 17.5 3.5 2 0 5 4 4
-4327.0 -3592.2 -6.0 72 0 14.3 33.2 17.5 3.5 2 1 5 3 3
-4181.1 -3239.1 19.4 333 0 18.7 37.1 17.5 0.0 0 1 5 1 1
-4163.2 -3240.9 20.2 156 0 31.0 67.2 17.5 0.0 0 1 5 0 0
-4540.7 -3018.6 -7.4 26 0 22.4 28.4 17.5 0.0 0 1 5 2 2
-4531.1 -3068.6 -13.6 302 0 25.6 25.4 17.5 0.0 0 0 5 0 0
-4490.0 -3125.2 -11.7 118 0 45.6 27.6 17.5 0.0 0 0 5 3 3
-4509.7 -3016.3 -5.5 203 0 24.3 33.1 17.5 0.0 0 1 5 0 0
-4412.4 -3067.8 -8.7 31 0 28.6 62.2 17.5 0.0 0 1 5 2 2
-4430.7 -3096.6 -11.6 30 0 24.9 26.3 17.5 0.0 0 1 5 5 5
-4421.2 -3134.2 -9.2 29 0 23.7 26.5 17.5 0.0 0 1 5 5 5
-4525.8 -2968.8 0.1 295 0 46.2 12.6 17.5 3.5 2 0 5 4 4
-4454.5 -2987.5 4.2 115 0 95.5 11.8 14.0 3.5 2 0 4 3 3
-4418.1 -2976.5 8.1 114 0 30.2 12.9 14.0 3.5 2 0 4 1 1
-4347.2 -3007.6 4.8 87 0 102.0 16.2 14.0 0.0 0 0 4 0 0
-4262.4 -2988.3 12.4 268 0 57.7 14.7 14.0 3.5 4 0 4 0 0
-4299.1 -2960.0 11.7 268 0 120.5 16.7 14.0 0.0 0 0 4 1 1
-4229.0 -2918.2 15.8 15 0 33.7 35.5 14.0 0.0 0 1 4 1 1
-4388.1 -2915.2 14.4 287 0 60.7 23.0 14.0 3.5 2 0 4 5 5
-4425.4 -2871.1 10.9 100 0 30.3 34.7 14.0 0.0 0 1 4 2 2
-4297.8 -2876.8 13.0 284 0 34.9 36.7 14.0 0.0 0 1 4 0 0
-4362.7 -2892.9 12.6 104 0 30.8 33.0 14.0 0.0 0 1 4 3 3
-4442.8 -2918.1 10.2 288 0 24.7 27.1 14.0 0.0 0 1 4 0 0
-4488.7 -2877.5 11.8 283 0 23.2 32.9 14.0 0.0 0 1 4 2 2
-4485.6 -2849.9 10.4 102 0 30.4 32.3 14.0 0.0 0 1 4 3 3
-6131.4 -445.8 -16.2 115 0 19.6 146.1 14.0 0.0 0 1 4 3 3
-6274.6 -584.1 -34.1 91 0 70.5 27.4 10.0 0.0 0 0 4 3 3
-6275.5 -594.9 -32.9 273 0 78.8 96.8 10.0 0.0 0 1 4 5 5
-5972.9 -1142.0 -27.5 117 0 15.9 33.3 10.5 3.5 2 1 3 2 2
-5945.0 -1053.5 -30.5 207 0 53.8 21.8 10.5 3.5 4 0 3 0 0
-5923.3 -1168.5 -29.9 117 0 76.1 48.5 10.5 0.0 0 0 3 5 5
-5846.2 -1104.2 -30.1 27 0 48.5 74.4 10.5 0.0 0 1 3 4 4
-5906.0 -1026.7 -30.0 207 0 9.2 47.0 10.5 3.5 2 1 3 3 3
-5805.0 -1079.5 -25.4 27 0 9.5 62.8 10.5 3.5 2 1 3 1 1
-5896.6 -1004.6 -29.1 207 0 11.9 52.4 10.5 3.5 2 1 3 2 2
-5795.6 -1056.2 -23.2 27 0 12.4 47.5 10.5 3.5 2 1 3 3 3
-5887.6 -985.4 -28.3 207 0 12.8 50.0 10.5 3.5 2 1 3 2 2
-5781.2 -1039.2 -23.3 27 0 11.0 64.7 10.5 3.5 2 1 3 1 1
-5873.8 -963.4 -27.0 207 0 12.3 46.5 10.5 3.5 4 1 3 3 3
-5772.8 -1015.4 -22.3 27 0 11.5 61.5 10.5 3.5 4 1 3 0 0
-5873.6 -940.7 -27.0 207 0 11.3 57.0 10.5 3.5 2 1 3 2 2
-5788.5 -985.0 -21.5 27 0 12.0 34.2 10.5 3.5 2 1 3 3 3
-5764.5 -997.6 -18.1 27 0 12.3 22.8 10.5 3.5 2 1 3 3 3
-5847.3 -923.9 -24.5 207 0 12.4 37.9 10.5 3.5 2 1 3 2 2
-5775.9 -961.1 -20.5 27 0 12.9 35.3 10.5 3.5 2 1 3 1 1
-5751.9 -974.5 -16.5 27 0 13.5 18.2 10.5 3.5 2 1 3 2 2
-5849.9 -900.2 -24.9 207 0 14.4 48.2 10.5 3.5 2 1 3 4 4
-5745.1 -955.2 -19.8 27 0 14.9 61.2 10.5 3.5 2 1 3 0 0
-5832.2 -879.7 -23.2 207 0 13.7 32.5 10.5 3.5 2 1 3 1 1
-5734.1 -930.3 -19.6 27 0 13.3 61.0 10.5 3.5 4 1 3 5 5
-5793.6 -869.4 -23.3 297 0 32.9 13.3 10.5 3.5 4 0 3 5 5
-5727.3 -909.3 -21.0 27 0 14.2 53.6 10.5 3.5 2 1 3 0 0
-5790.9 -841.9 -25.9 297 0 36.8 11.8 10.5 3.5 4 0 3 0 0
-5716.0 -886.7 -23.2 27 0 16.1 60.8 10.5 3.5 2 1 3 5 5
-5550.2 -1054.0 -6.0 294 0 46.6 15.0 10.5 3.5 2 0 3 2 2
-5564.1 -1079.0 -11.8 296 0 50.0 15.8 10.5 0.0 0 0 3 4 4
-5588.6 -1101.1 -15.9 296 0 67.0 17.0 10.5 3.5 2 0 3 3 3
-5621.4 -1021.2 -6.9 300 0 12.3 46.4 10.5 3.5 2 1 3 4 4
-5651.0 -1007.8 -7.5 297 0 32.7 13.9 10.5 3.5 2 0 3 1 1
-5764.4 -1068.0 -18.3 211 0 44.8 19.0 10.5 3.5 2 0 3 4 4
-5741.5 -1152.0 -21.3 212 0 27.5 13.8 10.5 3.5 2 0 3 0 0
-5775.5 -1164.5 -21.2 205 0 14.9 37.8 10.5 3.5 2 1 3 3 3
-5752.9 -1205.3 -16.0 207 0 11.8 32.0 10.5 3.5 2 1 3 4 4
-5760.0 -1224.5 -15.8 206 0 12.2 31.9 10.5 3.5 4 1 3 3 3
-5821.7 -1218.5 -22.5 204 0 13.5 29.8 10.5 3.5 2 1 3 4 4
-5787.8 -1247.7 -19.4 206 0 13.6 46.6 10.5 3.5 2 1 3 5 5
-5648.3 -1066.8 -11.7 301 0 11.6 18.4 10.5 3.5 2 1 3 3 3
-5719.8 -1078.2 -17.9 206 0 18.6 59.3 10.5 3.5 2 1 3 4 4
-5733.1 -1102.4 -20.1 207 0 14.9 58.2 10.5 3.5 2 1 3 1 1
-5724.2 -1171.6 -19.5 208 0 49.7 19.4 10.5 3.5 2 0 3 3 3
-5676.0 -1195.2 -16.1 205 0 69.5 19.9 10.5 3.5 4 0 3 2 2
-5640.6 -1268.4 -10.6 29 0 21.1 61.5 10.5 3.5 4 1 3 0 0
-5601.4 -1125.7 -18.8 297 0 67.5 17.9 10.5 3.5 2 0 3 3 3
-5561.3 -1268.7 -4.9 115 0 71.2 18.6 10.5 3.5 4 0 3 5 5
-5482.7 -1080.0 -10.1 302 0 32.5 35.7 10.5 0.0 0 1 3 0 0
-5408.9 -1147.8 1.2 300 0 26.4 17.6 10.5 0.0 0 0 3 4 4
-5464.3 -1173.3 -4.3 298 0 22.7 81.5 10.5 0.0 0 1 3 4 4
-5414.3 -1076.5 -4.2 293 0 21.1 94.4 10.5 0.0 0 1 3 4 4
-5309.1 -1193.5 3.3 295 0 28.7 8.6 10.5 3.5 2 0 3 4 4
-5378.0 -1164.4 5.4 206 0 7.8 35.9 10.5 3.5 2 1 3 5 5
-5315.2 -1102.3 -7.8 298 0 45.4 15.4 10.5 3.5 2 0 3 4 4
-5328.7 -1134.1 -2.4 299 0 46.7 14.5 14.0 3.5 2 0 4 1 1
-5361.8 -1078.6 -4.5 297 0 28.1 12.5 10.5 3.5 2 0 3 0 0
-5370.9 -1096.9 -1.1 294 0 17.8 57.6 10.5 0.0 0 1 3 3 3
-5287.7 -923.0 -24.1 298 0 20.1 19.4 14.0 3.5 2 0 4 1 1
-5331.2 -939.6 -23.2 296 0 34.7 26.5 14.0 0.0 0 0 4 1 1
-5424.9 -1013.3 -10.1 99 0 5.0 36.6 10.5 3.5 2 1 3 1 1
-5383.3 -1023.0 -11.6 103 0 46.1 10.2 14.0 3.5 2 0 4 1 1
-5329.9 -1020.3 -22.7 115 0 13.9 69.9 14.0 3.5 4 1 4 1 1
-5301.1 -994.8 -22.4 207 0 64.1 13.0 14.0 3.5 2 0 4 0 0
-5287.4 -1040.5 -20.6 114 0 15.3 26.7 14.0 0.0 0 1 4 3 3
-5258.9 -999.6 -22.2 24 0 37.1 19.1 14.0 0.0 0 0 4 0 0
-5255.3 -1008.8 -21.3 207 0 16.3 20.3 14.0 3.5 2 1 4 5 5
-5268.4 -1032.5 -20.5 207 0 28.0 21.5 14.0 0.0 0 0 4 3 3
-5220.4 -1033.9 -19.8 28 0 61.6 13.5 14.0 3.5 2 0 4 1 1
-5175.2 -1253.6 2.8 290 0 8.2 47.1 10.5 3.5 2 1 3 5 5
-5232.3 -1228.6 -0.5 293 0 18.5 25.9 10.5 3.5 2 1 3 1 1
-5209.8 -1239.5 -0.7 295 0 17.3 24.5 10.5 3.5 2 1 3 4 4
-5191.8 -1247.8 1.0 292 0 10.8 27.0 10.5 3.5 2 1 3 2 2
-5145.9 -1177.7 -6.2 296 0 18.9 75.9 10.5 3.5 2 1 3 2 2
-5194.1 -1147.0 -12.5 294 0 27.9 79.8 10.5 0.0 0 1 3 5 5
-5173.5 -1162.8 -9.2 294 0 13.6 75.8 10.5 3.5 2 1 3 0 0
-5162.2 -1139.5 -11.1 306 0 67.2 11.0 10.5 3.5 2 0 3 0 0
-5114.6 -997.8 -9.6 23 0 17.7 6.8 10.5 3.5 2 0 3 3 3
-5079.0 -1043.0 -5.7 28 0 15.5 46.1 14.0 3.5 2 1 4 4 4
-5075.4 -1084.6 -0.6 208 0 6.6 36.3 10.5 3.5 2 1 3 3 3
-5057.9 -1131.1 0.2 28 0 47.8 37.7 14.0 0.0 0 0 4 4 4
-5025.5 -1057.6 -7.8 23 0 61.8 21.5 14.0 3.5 4 0 4 2 2
-5022.4 -1096.0 -11.8 207 0 108.8 28.0 10.5 0.0 0 0 3 2 2
-4891.4 -1470.6 21.3 208 0 21.4 22.5 14.0 3.5 2 1 4 4 4
-4843.2 -1392.8 11.8 212 0 42.6 24.2 14.0 0.0 0 0 4 3 3
-4860.5 -1421.1 16.5 212 0 16.4 26.4 14.0 3.5 2 1 4 0 0
-4870.7 -1441.9 18.6 212 0 19.8 21.8 14.0 3.5 2 1 4 5 5
-4941.3 -1455.5 15.3 207 0 17.9 15.3 14.0 3.5 2 0 4 4 4
-4933.1 -1437.2 13.1 210 0 14.0 18.6 14.0 3.5 2 1 4 4 4
-4923.0 -1420.1 10.9 211 0 17.7 17.6 14.0 3.5 4 0 4 4 4
-4902.0 -1390.3 6.7 218 0 42.1 15.5 14.0 3.5 2 0 4 3 3
-4880.8 -1359.5 5.9 215 0 20.2 15.8 14.0 3.5 2 0 4 0 0
-4857.3 -1398.9 8.3 33 0 43.5 20.1 14.0 3.5 2 0 4 3 3
-4877.6 -1431.4 12.9 31 0 25.2 21.2 14.0 3.5 2 0 4 1 1
-4895.5 -1460.6 16.3 30 0 34.2 19.3 14.0 0.0 0 0 4 1 1
-4912.7 -1489.8 20.0 32 0 28.0 20.2 14.0 3.5 2 0 4 4 4
-4911.8 -1345.4 2.4 212 0 26.1 18.5 10.5 3.5 2 0 3 4 4
-4931.3 -1371.3 2.2 217 0 33.2 19.3 10.5 0.0 0 0 3 4 4
-4950.2 -1400.5 4.6 212 0 26.8 17.8 10.5 3.5 4 0 3 0 0
-4962.5 -1422.5 7.9 211 0 16.9 18.7 10.5 3.5 2 1 3 0 0
-4973.0 -1444.0 10.4 208 0 21.0 15.6 10.5 0.0 0 0 3 4 4
-4945.1 -1343.9 -1.8 212 0 40.8 12.8 10.5 3.5 2 0 3 0 0
-4996.9 -1367.8 3.1 303 0 82.3 14.9 10.5 3.5 2 0 3 2 2
-5036.7 -1333.3 4.8 29 0 15.1 33.5 10.5 3.5 2 1 3 4 4
-4998.8 -1310.5 -2.1 29 0 64.6 13.5 10.5 3.5 2 0 3 2 2
-5016.3 -1258.9 1.1 299 0 36.0 14.8 10.5 3.5 2 0 3 3 3
-5019.7 -1306.5 2.8 29 0 13.1 35.2 10.5 3.5 2 1 3 2 2
-5077.7 -1311.8 12.4 29 0 14.6 36.7 10.5 3.5 2 1 3 3 3
-5107.9 -1199.5 -3.4 299 0 51.1 22.9 10.5 3.5 2 0 3 5 5
-5125.2 -1234.9 -2.5 299 0 47.5 16.5 10.5 3.5 2 0 3 3 3
-5138.7 -1269.3 4.7 299 0 46.6 15.2 10.5 3.5 2 0 3 4 4
-5392.2 -1778.1 -8.6 295 0 29.8 30.8 10.5 0.0 0 1 3 4 4
-5443.8 -1849.7 -3.8 117 0 22.6 38.8 10.5 0.0 0 1 3 3 3
-5492.1 -1755.6 -11.4 206 0 33.3 25.9 10.5 0.0 0 0 3 0 0
-5509.5 -1815.1 -6.8 118 0 25.9 33.3 10.5 0.0 0 1 3 1 1
-5528.8 -1857.6 0.4 116 0 22.6 32.1 10.5 0.0 0 1 3 2 2
-5486.2 -1871.3 2.6 120 0 42.9 18.4 10.5 3.5 2 0 3 3 3
-5420.5 -1702.9 -14.5 296 0 32.2 22.9 10.5 0.0 0 0 3 1 1
-5383.2 -1723.9 -13.9 300 0 33.9 22.4 10.5 0.0 0 0 3 4 4
-5340.0 -1743.8 -12.6 299 0 38.3 25.2 10.5 0.0 0 0 3 4 4
-5291.8 -1774.4 -5.4 297 0 26.7 21.2 10.5 3.5 2 0 3 5 5
-5259.1 -1787.7 -2.1 297 0 30.6 26.2 10.5 0.0 0 0 3 5 5
-5349.2 -1840.6 -1.2 112 0 26.2 31.8 10.5 0.0 0 1 3 3 3
-5331.0 -1887.3 2.6 27 0 21.7 79.9 10.5 0.0 0 1 3 0 0
-5282.5 -1855.0 4.7 26 0 28.2 26.2 10.5 0.0 0 0 3 3 3
-5681.5 -1583.5 -16.8 115 0 25.6 42.1 14.0 0.0 0 1 4 2 2
-5648.4 -1599.0 -18.5 119 0 26.4 52.7 14.0 0.0 0 1 4 5 5
-5603.8 -1584.5 -19.1 209 0 47.4 23.7 10.5 0.0 0 0 3 1 1
-5567.1 -1634.8 -16.6 121 0 24.5 56.8 10.5 3.5 2 1 3 0 0
-5547.5 -1513.9 -15.5 205 0 55.5 32.0 10.5 0.0 0 0 3 5 5
-5479.6 -1514.2 -15.1 297 0 25.8 33.7 10.5 0.0 0 1 3 3 3
-5634.9 -1407.9 -13.2 117 0 65.9 41.6 10.5 0.0 0 0 3 2 2
-5572.3 -1434.3 -10.3 122 0 21.0 39.0 10.5 0.0 0 1 3 2 2
-5541.8 -1453.4 -11.3 121 0 19.6 42.4 10.5 3.5 2 1 3 0 0
-5505.1 -1473.9 -12.5 118 0 20.7 45.1 10.5 3.5 2 1 3 2 2
-5469.1 -1495.1 -13.7 114 0 18.8 44.7 10.5 3.5 2 1 3 2 2
-5414.3 -1650.9 -17.3 125 0 32.8 115.0 10.5 0.0 0 1 3 2 2
-5308.8 -1716.5 -15.2 122 0 51.3 121.1 10.5 0.0 0 1 3 2 2
-5239.5 -1529.6 2.1 32 0 113.0 41.5 10.5 0.0 0 0 3 3 3
-5340.0 -1537.3 4.5 119 0 43.6 129.3 10.5 0.0 0 1 3 5 5
-4755.1 -2679.8 -4.6 288 0 15.5 25.5 14.0 3.5 2 1 4 5 5
-4849.1 -2742.4 -0.1 110 0 27.5 60.5 14.0 0.0 0 1 4 0 0
-4804.9 -2638.3 -8.6 15 0 36.7 32.1 14.0 0.0 0 0 4 1 1
-4758.0 -2675.2 -8.1 109 0 26.7 36.0 14.0 0.0 0 1 4 1 1
-4765.7 -2743.7 2.6 19 0 59.1 22.8 14.0 3.5 2 0 4 2 2
-4717.2 -2696.4 -7.0 194 0 66.2 18.3 14.0 3.5 2 0 4 5 5
-4737.3 -2768.7 6.1 200 0 62.5 19.2 14.0 3.5 2 0 4 3 3
-4756.5 -2931.0 -16.8 117 0 89.3 24.6 14.0 0.0 0 0 4 2 2
-4625.1 -2937.4 -6.3 33 0 34.5 34.2 14.0 0.0 0 0 4 2 2
-4693.6 -3004.9 -17.9 116 0 35.2 29.7 14.0 0.0 0 0 4 5 5
-4675.5 -2623.5 -14.9 108 0 20.8 77.7 14.0 0.0 0 1 4 3 3
-4624.4 -2638.6 -12.1 108 0 52.2 22.7 14.0 3.5 2 0 4 4 4
-4561.5 -2670.7 -10.2 108 0 21.8 50.4 14.0 3.5 2 1 4 5 5
-4580.5 -2570.4 -13.4 288 0 71.3 16.7 14.0 3.5 2 0 4 0 0
-4834.9 -2296.8 -11.3 17 0 24.3 46.4 14.0 0.0 0 1 4 1 1
-4803.4 -2144.4 0.4 287 0 44.8 23.9 14.0 0.0 0 0 4 3 3
-4833.1 -2219.7 -3.2 22 0 92.0 27.6 14.0 0.0 0 0 4 1 1
-4323.6 -2330.2 -9.2 20 0 73.7 36.5 17.5 0.0 0 0 5 3 3
-4275.6 -2395.3 -8.2 110 0 83.4 15.9 17.5 3.5 2 0 5 5 5
-4243.2 -2346.1 -6.9 290 0 10.1 37.3 17.5 3.5 4 1 5 3 3
-4276.3 -2344.6 -7.4 290 0 10.3 27.0 17.5 3.5 2 1 5 4 4
-4313.4 -2336.2 -8.1 200 0 55.1 11.7 17.5 3.5 2 0 5 2 2
-4253.5 -2330.4 -5.1 20 0 11.5 38.5 17.5 3.5 4 1 5 0 0
-4207.3 -2351.2 -4.8 110 0 73.4 12.1 14.0 3.5 2 0 4 4 4
-4133.0 -2362.9 -2.8 290 0 34.2 11.6 17.5 0.0 0 0 5 1 1
-4107.9 -2375.5 0.2 290 0 17.3 55.6 17.5 3.5 2 1 5 0 0
-4218.9 -2373.8 -6.5 290 0 13.0 20.8 17.5 3.5 2 1 5 2 2
-4181.2 -2368.4 -5.8 290 0 11.8 36.4 17.5 3.5 2 1 5 5 5
-4153.8 -2393.5 -5.3 290 0 13.7 22.0 17.5 0.0 0 1 5 4 4
-4173.8 -2428.4 -6.3 110 0 86.2 14.5 17.5 3.5 2 0 5 3 3
-4137.2 -2479.3 -6.9 19 0 15.5 100.8 14.0 3.5 2 1 4 1 1
-4290.5 -2423.7 -9.2 288 0 86.4 13.1 14.0 3.5 2 0 4 4 4
-4355.7 -2522.9 -10.6 19 0 49.0 23.0 14.0 3.5 2 0 4 4 4
-4357.8 -2451.0 -10.3 203 0 65.9 14.9 17.5 3.5 2 0 5 0 0
-4395.6 -2471.6 -11.4 111 0 33.6 63.3 14.0 0.0 0 1 4 1 1
-4428.8 -2534.8 -12.0 109 0 18.1 52.3 17.5 3.5 2 1 5 1 1
-4222.8 -2550.2 -6.0 38 0 24.4 24.8 14.0 0.0 0 1 4 1 1
-4321.8 -2510.8 -9.1 171 0 25.4 21.3 14.0 3.5 2 0 4 0 0
-4361.7 -2589.5 -9.9 197 0 14.3 52.8 14.0 3.5 2 1 4 1 1
-4277.8 -2617.3 -3.6 197 0 12.4 36.1 14.0 3.5 2 1 4 0 0
-4196.5 -2643.8 0.3 17 0 12.4 30.7 14.0 3.5 2 1 4 3 3
-4228.8 -2610.2 1.1 107 0 11.1 22.3 14.0 3.5 2 1 4 0 0
-4268.2 -2604.3 -6.2 107 0 13.8 42.5 14.0 3.5 2 1 4 2 2
-4305.8 -2591.9 -8.7 107 0 17.2 45.0 14.0 3.5 2 1 4 5 5
-4346.4 -2562.0 -9.6 197 0 22.4 14.9 14.0 3.5 2 0 4 1 1
-4324.8 -2464.6 -9.4 197 0 56.1 11.8 14.0 3.5 2 0 4 2 2
-4279.2 -2449.1 -8.5 287 0 13.7 44.7 14.0 3.5 2 1 4 2 2
-4245.6 -2459.6 -7.6 287 0 15.1 46.7 14.0 0.0 0 1 4 3 3
-4175.0 -2601.2 4.3 17 0 65.8 17.1 14.0 3.5 2 0 4 4 4
-4212.4 -2471.9 -6.5 287 0 14.2 44.6 14.0 3.5 2 1 4 3 3
-4181.0 -2482.8 -3.2 287 0 16.2 58.3 14.0 3.5 2 1 4 5 5
-4148.2 -2524.0 2.8 17 0 67.9 13.6 14.0 3.5 2 0 4 0 0
