-4111.7 -8075.5 -5.0 142 0 41.8 183.5 12.5 0.0 0 1 5 3 3
-4147.6 -8038.6 -15.3 142 0 41.3 190.3 7.5 0.0 0 1 3 4 4
-3988.0 -7601.7 -17.1 270 0 64.8 210.6 12.5 0.0 0 1 5 4 4
-3885.4 -7584.4 -16.9 253 0 66.9 213.6 12.5 0.0 0 1 5 1 1
-3894.2 -7861.2 -10.6 261 0 101.8 20.9 10.0 0.0 0 0 4 0 0
-3768.9 -7553.4 -12.2 252 0 43.3 106.2 10.0 0.0 0 1 4 4 4
-3813.0 -7636.3 -12.7 162 0 82.5 38.1 10.0 0.0 0 0 4 0 0
-4152.3 -8109.2 -9.5 324 0 36.5 70.5 12.5 0.0 0 1 5 1 1
-4153.9 -8675.4 -8.9 56 0 45.3 281.4 12.5 0.0 0 1 5 0 0
-3553.6 -7789.7 -12.3 163 0 156.6 38.9 10.0 0.0 0 0 4 4 4
-2541.4 -8855.4 -11.9 16 0 102.0 116.9 12.5 0.0 0 1 5 0 0
-2810.9 -8856.7 -11.9 228 0 107.1 32.9 7.5 0.0 0 0 3 5 5
-2966.9 -9394.1 -16.0 199 0 71.3 59.0 12.5 0.0 0 0 5 1 1
-3012.3 -9534.9 -14.6 199 0 71.3 58.0 12.5 0.0 0 0 5 3 3
-2855.7 -9394.1 -17.2 289 0 54.2 72.9 10.0 0.0 0 1 4 0 0
-1900.1 -8583.8 -14.9 342 0 89.1 75.7 7.5 0.0 0 0 3 4 4
-1704.3 -8874.3 -8.8 152 0 47.8 93.5 10.0 0.0 0 1 4 1 1
-908.1 -9542.1 2.2 98 0 24.0 81.8 10.0 0.0 0 1 4 4 4
-1000.5 -10234.3 -10.1 8 0 67.0 19.9 12.5 2.5 2 0 5 4 4
-4216.2 -8695.9 -7.8 237 0 25.1 98.4 15.0 0.0 0 1 6 0 0
-4363.9 -8845.0 3.7 274 0 50.3 86.0 10.0 0.0 0 1 4 4 4
-4299.6 -8167.6 -16.5 235 0 82.7 23.7 10.0 0.0 0 0 4 0 0
-3446.1 -9908.9 -7.3 290 0 104.9 105.4 12.5 0.0 0 1 5 3 3
-3359.8 -10040.3 -11.1 111 0 106.4 102.9 17.5 0.0 0 0 7 5 5
-2429.8 -10682.2 -1.6 128 0 67.7 71.9 14.0 0.0 0 1 4 4 4
-2598.6 -10041.0 -19.1 110 0 48.0 166.3 10.0 0.0 0 1 4 4 4
-2453.5 -10005.8 -16.1 19 0 166.7 25.6 15.0 0.0 0 0 6 4 4
-2439.2 -7141.9 5.6 359 0 101.3 70.9 12.5 0.0 0 0 5 2 2
-2609.5 -7119.5 6.1 180 0 153.7 90.3 10.0 0.0 0 0 4 2 2
-2690.7 -7136.1 3.6 179 0 19.7 66.2 12.5 2.5 4 1 5 1 1
-2624.1 -7076.1 2.8 359 0 17.3 48.0 12.5 2.5 2 1 5 5 5
-2838.2 -7051.3 0.1 269 0 55.2 71.0 12.5 0.0 0 1 5 5 5
-2985.2 -7091.1 -3.6 239 0 41.5 114.6 10.0 0.0 0 1 4 2 2
-2914.4 -7121.7 -2.1 149 0 93.5 18.6 10.0 0.0 0 0 4 1 1
-3185.8 -7248.3 -12.2 58 0 77.8 35.8 12.5 0.0 0 0 5 2 2
-3092.3 -7975.2 -14.6 2 0 116.5 60.9 12.5 0.0 0 0 5 3 3
-2612.0 -7779.6 -10.2 14 0 48.0 66.8 10.0 0.0 0 1 4 1 1
-2562.0 -7665.4 -4.0 195 0 137.9 30.3 12.5 0.0 0 0 5 5 5
-3097.9 -9406.5 -9.7 184 0 178.7 49.4 10.0 0.0 0 0 4 5 5
-3018.0 -9817.6 -18.4 87 0 106.1 160.3 7.5 0.0 0 1 3 2 2
