-810.6 -6294.5 -8.0 268 0 13.0 43.0 14.0 3.5 2 1 4 1 1
-1168.2 -6073.3 -4.9 210 0 44.9 19.5 14.0 3.5 2 0 4 3 3
-1196.3 -6117.8 -4.0 210 0 47.3 17.2 14.0 3.5 2 0 4 0 0
-1171.4 -6151.8 -3.5 99 0 37.1 13.4 14.0 3.5 2 0 4 1 1
-1114.4 -6161.5 -2.5 100 0 70.5 13.2 14.0 0.0 0 0 4 3 3
-1071.6 -6164.7 -0.9 62 0 10.8 32.4 14.0 3.5 2 1 4 0 0
-1234.4 -6565.7 -2.1 87 0 33.1 26.8 10.5 0.0 0 0 3 3 3
-1237.1 -6516.2 -2.6 276 0 44.0 10.6 10.5 3.5 2 0 3 2 2
-1255.4 -6440.7 -3.3 260 0 19.8 6.2 10.5 3.5 2 0 3 3 3
-1251.4 -6489.5 -3.0 96 0 13.3 40.3 14.0 3.5 2 1 4 2 2
-1243.4 -6502.8 -2.7 96 0 29.8 9.2 10.5 3.5 2 0 3 3 3
-1190.7 -6507.2 -1.0 93 0 14.4 42.0 14.0 3.5 2 1 4 5 5
-1131.2 -6483.1 0.0 14 0 15.7 42.0 14.0 3.5 2 1 4 5 5
-1143.2 -6456.6 0.2 23 0 16.2 18.5 14.0 3.5 2 1 4 4 4
-1132.5 -6420.2 -0.1 30 0 35.5 18.7 14.0 0.0 0 0 4 5 5
-1105.2 -6395.5 0.9 13 0 14.4 14.1 14.0 3.5 2 0 4 5 5
-1112.2 -6424.5 1.0 13 0 19.6 15.8 14.0 3.5 2 0 4 3 3
-1120.4 -6455.8 1.1 12 0 25.4 16.3 14.0 3.5 2 0 4 1 1
-761.2 -6400.0 -10.2 179 0 27.6 13.3 14.0 3.5 2 0 4 1 1
-739.2 -6416.6 -10.4 89 0 10.4 18.2 14.0 3.5 2 1 4 2 2
-720.3 -6419.4 -10.2 89 0 15.2 20.9 14.0 3.5 2 1 4 1 1
-701.3 -6419.2 -9.3 89 0 12.7 17.0 14.0 3.5 2 1 4 0 0
-759.4 -6366.7 -10.6 179 0 23.3 30.6 14.0 0.0 0 1 4 4 4
-994.3 -6383.5 2.6 110 0 27.6 14.6 14.0 3.5 4 0 4 5 5
-969.6 -6393.3 1.7 110 0 20.6 11.9 14.0 3.5 2 0 4 4 4
-948.2 -6401.5 0.5 110 0 15.5 12.5 14.0 3.5 2 0 4 0 0
-1064.5 -6378.9 2.5 290 0 20.2 16.2 14.0 3.5 2 0 4 5 5
-1025.5 -6393.3 4.1 290 0 29.5 14.5 14.0 3.5 2 0 4 2 2
-1001.3 -6403.0 4.1 290 0 15.1 17.7 14.0 3.5 2 1 4 0 0
-985.5 -6407.4 3.4 290 0 7.8 19.7 10.5 3.5 2 1 3 0 0
-960.6 -6414.7 1.6 290 0 32.7 13.3 14.0 3.5 2 0 4 4 4
-776.7 -6358.5 -9.4 80 0 11.8 84.2 14.0 3.5 2 1 4 3 3
-912.8 -6387.5 -1.8 183 0 8.1 20.2 10.5 3.5 2 1 3 4 4
-912.8 -6375.8 -1.9 183 0 8.7 19.5 10.5 3.5 2 1 3 4 4
-902.8 -6549.2 -0.7 183 0 7.7 23.5 10.5 3.5 4 1 3 1 1
-867.9 -6563.5 -1.9 93 0 17.1 13.2 14.0 3.5 4 0 4 0 0
-821.2 -6565.2 -4.9 93 0 22.0 14.2 14.0 3.5 2 0 4 4 4
-853.2 -6539.2 -3.2 93 0 16.5 28.0 14.0 3.5 2 1 4 0 0
-821.7 -6541.9 -5.0 93 0 15.2 27.3 14.0 3.5 2 1 4 1 1
-787.6 -6539.6 -6.5 3 0 30.6 16.1 14.0 3.5 4 0 4 0 0
-826.0 -6432.9 -5.4 273 0 14.3 25.2 14.0 3.5 2 1 4 4 4
-855.8 -6431.1 -3.7 273 0 18.0 21.8 14.0 3.5 2 1 4 0 0
-877.9 -6372.6 -3.1 273 0 12.4 11.8 14.0 3.5 2 0 4 5 5
-863.7 -6373.0 -3.8 273 0 9.9 13.0 10.5 3.5 4 1 3 1 1
-826.9 -6389.0 -6.0 93 0 15.8 12.7 14.0 3.5 2 0 4 3 3
-824.0 -6412.4 -5.7 93 0 10.6 11.2 14.0 0.0 0 1 4 0 0
-839.3 -6412.0 -4.9 93 0 14.5 13.0 14.0 3.5 2 0 4 4 4
-871.1 -6410.3 -3.4 93 0 23.6 13.9 14.0 3.5 2 0 4 1 1
-800.4 -6413.4 -7.8 93 0 27.6 17.9 14.0 3.5 2 0 4 4 4
6214.5 -5016.6 -10.4 75 0 13.6 51.4 10.5 3.5 2 1 3 4 4
6200.2 -4931.6 -7.2 260 0 38.6 12.7 10.5 3.5 2 0 3 0 0
