-2863.7 -4351.8 -19.1 196 0 38.2 11.3 14.0 3.5 2 0 4 3 3
-2824.0 -4359.5 -20.6 58 0 20.0 11.7 14.0 3.5 2 0 4 3 3
-2814.4 -4418.5 -20.9 325 0 49.5 12.9 14.0 3.5 2 0 4 1 1
-290.1 -4311.7 -7.0 85 0 14.1 17.1 7.5 0.0 0 1 3 0 0
-238.9 -4266.2 -7.2 149 0 8.8 13.0 7.5 2.5 2 1 3 0 0
-2835.0 -4585.0 -15.9 147 0 10.3 10.6 10.5 3.5 2 1 3 5 5
-2804.5 -4478.4 -20.1 60 0 21.8 12.3 14.0 3.5 2 0 4 3 3
-2904.2 -4464.4 -17.7 12 0 85.0 12.2 14.0 3.5 2 0 4 2 2
-491.3 -4461.1 -3.4 46 0 23.8 18.4 12.5 2.5 2 0 5 3 3
-457.8 -4422.5 -6.0 267 0 21.0 29.6 10.0 0.0 0 1 4 3 3
-238.6 -4277.2 -7.4 311 0 16.0 13.7 2.5 2.5 2 0 1 3 3
-309.5 -4152.2 3.5 36 0 8.7 15.4 5.0 2.5 2 1 2 5 5
-183.2 -4279.6 -8.3 277 0 14.8 8.3 5.0 2.5 2 0 2 0 0
-138.6 -4260.7 -6.1 258 0 15.0 11.5 5.0 2.5 2 0 2 5 5
-597.3 -4116.5 17.4 32 0 30.7 10.3 12.5 2.5 2 0 5 5 5
-516.9 -4063.6 8.3 225 0 12.5 13.3 7.5 2.5 2 1 3 5 5
-509.6 -4043.6 11.6 44 0 16.8 10.8 7.5 2.5 2 0 3 0 0
-437.8 -4032.9 14.1 337 0 14.2 22.9 10.0 2.5 2 1 4 0 0
-571.6 -4210.6 9.7 182 0 31.9 14.8 7.5 2.5 2 0 3 3 3
-580.9 -4213.2 13.4 5 0 19.0 11.6 12.5 2.5 2 0 5 5 5
-576.2 -4268.5 9.9 3 0 24.9 15.9 10.0 2.5 2 0 4 2 2
-618.9 -4516.9 11.7 46 0 16.7 17.0 12.5 2.5 2 1 5 0 0
-938.1 -4623.7 -2.4 249 0 19.6 19.3 12.5 2.5 2 0 5 1 1
-3187.3 -4658.1 -7.4 236 0 10.6 47.0 10.5 3.5 2 1 3 1 1
