-4032.1 11545.0 -34.0 330 0 50.9 40.0 17.5 0.0 0 0 5 1 1
-4095.5 11506.9 -33.1 152 0 23.7 22.6 17.5 3.5 2 0 5 4 4
-4114.9 11569.3 -32.8 151 0 42.8 50.6 17.5 0.0 0 1 5 4 4
-4197.2 11436.2 -30.9 242 0 26.3 11.1 17.5 3.5 2 0 5 0 0
-4055.5 11654.3 -32.2 328 0 12.0 20.3 17.5 0.0 0 1 5 4 4
-4124.3 11376.5 -32.5 197 0 17.6 33.4 17.5 3.5 2 1 5 0 0
-4208.4 11588.7 -31.3 64 0 89.8 69.4 17.5 0.0 0 0 5 3 3
-4293.5 11700.4 -28.6 154 0 27.4 40.5 17.5 0.0 0 1 5 5 5
-4208.0 11805.4 -23.3 234 0 18.9 13.4 17.5 3.5 2 0 5 4 4
-4317.8 11729.8 -23.9 163 0 10.3 54.1 17.5 3.5 2 1 5 4 4
-4562.3 11304.6 -32.4 286 0 81.7 16.5 17.5 3.5 2 0 5 4 4
-4989.8 10978.4 -24.3 109 0 61.0 39.4 14.0 0.0 0 0 4 2 2
-1847.0 8564.5 -7.9 188 0 125.3 395.9 14.0 0.0 0 1 4 2 2
-4849.7 10178.5 -18.3 272 0 221.9 77.6 17.5 0.0 0 0 5 1 1
-4471.4 10876.8 -31.1 180 0 70.1 54.6 14.0 0.0 0 0 4 5 5
-3887.9 11308.9 -33.9 127 0 24.4 27.8 14.0 0.0 0 1 4 5 5
-3929.5 10776.6 -28.3 93 0 20.1 56.8 37.5 2.5 2 1 15 2 2
-3960.9 10867.7 -26.7 185 0 30.9 19.6 37.5 0.0 0 0 15 1 1
-2819.9 10436.9 -15.6 103 0 17.9 53.1 17.5 3.5 2 1 5 2 2
-2706.0 10629.3 10.3 273 0 38.6 39.3 17.5 0.0 0 1 5 3 3
-2774.6 10611.6 -0.1 183 0 37.0 38.9 17.5 0.0 0 1 5 1 1
-2771.5 10500.2 -8.5 93 0 19.5 68.6 17.5 3.5 2 1 5 5 5
-2736.0 10495.6 -8.6 93 0 21.8 73.1 17.5 3.5 2 1 5 5 5
-2692.1 10499.7 -6.7 93 0 21.5 78.6 17.5 0.0 0 1 5 2 2
-2458.4 10296.4 -21.6 238 0 53.2 13.6 14.0 3.5 2 0 4 3 3
-2506.4 10285.2 -23.1 135 0 49.4 10.9 14.0 3.5 2 0 4 2 2
-2471.2 10344.3 -19.6 137 0 79.6 18.5 14.0 3.5 2 0 4 0 0
-2478.9 10321.9 -21.5 315 0 37.6 20.3 14.0 0.0 0 0 4 0 0
-2549.4 10378.4 -18.4 300 0 29.4 17.8 14.0 3.5 4 0 4 3 3
-2518.7 10352.9 -20.6 319 0 28.2 16.1 14.0 3.5 2 0 4 4 4
-2605.0 10382.2 -19.7 6 0 19.0 56.3 17.5 3.5 2 1 5 4 4
-2441.3 10384.3 -12.5 40 0 32.4 20.9 14.0 0.0 0 0 4 0 0
-2432.8 10450.7 8.6 172 0 21.1 42.7 14.0 3.5 2 1 4 0 0
-2398.4 10402.5 -2.2 90 0 43.5 20.3 14.0 3.5 4 0 4 4 4
-2216.6 10400.7 13.8 60 0 18.7 33.4 14.0 0.0 0 1 4 1 1
-2251.9 10348.0 -5.3 303 0 65.9 20.6 14.0 3.5 2 0 4 4 4
-2343.6 10374.5 -6.8 308 0 42.1 14.5 17.5 3.5 2 0 5 2 2
-2340.1 10388.8 -5.0 128 0 64.9 16.0 14.0 3.5 2 0 4 1 1
-3023.7 8960.4 -18.6 294 0 19.9 59.2 14.0 0.0 0 1 4 2 2
-3099.0 8852.9 -12.8 24 0 14.6 26.6 14.0 3.5 2 1 4 0 0
-3140.1 8840.8 -12.8 114 0 39.9 15.5 14.0 3.5 2 0 4 1 1
-3216.3 8895.1 -18.4 204 0 31.4 48.2 14.0 0.0 0 1 4 2 2
